samples	PC1	PC2	PC3
V1_10_11_T1	-0.0033901590168279316	0.02868504691536944	-0.004086488546261664
V1_10_11_T2	0.016641785864638714	-0.052123227066540045	0.04147423700948458
V1_10_12_T1	-0.04761387093981567	0.022423685901871993	-0.017830013911781406
V1_10_12_T2	-0.0024467498040996686	-0.06887822261727639	0.012678839649780898
V1_10_13_T1	-0.06129429935047076	0.03806675086638648	-0.02941740082655199
V1_10_13_T2	0.024191793969641173	-0.030384850676542688	-0.01086682442765028
V1_10_14_T1	-0.05504647430010566	0.021938983570966943	-0.033256280515269625
V1_10_14_T2	-0.014212049046010937	-0.056029726808775854	-0.007750706175182488
V1_10_15_T1	-0.057016360962706625	-0.012243571934027059	-0.037978893653974256
V1_10_15_T2	0.011844816353182309	-0.014681054452310455	-0.0036622300712489705
V1_10_21_T1	-0.018643064025471848	-0.007779626433378498	-0.007003984946519641
V1_10_21_T2	-0.001663579771873869	-0.0452110067495179	0.056876556529918326
V1_10_22_T1	-0.02452358518417916	-0.0033730957092682873	-0.04975097500394547
V1_10_22_T2	0.03583722062626831	-0.054354606999543184	0.026772599044252922
V1_10_23_T1	-0.05586150197245727	0.0036761623984407684	-0.03927293415218229
V1_10_23_T2	0.03343357719283581	-0.041994960634951325	0.04510917236660872
V1_10_24_T1	-0.03337482603931613	-0.06614187089463909	-0.023475246350074943
V1_10_24_T2	0.025319063624009503	-0.03891145586165024	0.05600653100218575
V1_10_25_T1	-0.038560808096231844	0.024530566168894027	-0.06078469942644842
V1_10_25_T2	0.002190483865097279	-0.049027536261518824	0.011678288253504188
V1_10_31_T1	0.012608686225025	0.0047738071893196855	-0.051327175767390064
V1_10_31_T2	0.023348472426839514	-0.06148981486126085	0.021891475459597784
V1_10_32_T1	-0.025432777571691715	0.005885257657941508	-0.06280186203725165
V1_10_32_T2	0.026193693536443654	-0.0526401669005008	0.023652951825322777
V1_10_33_T1	-0.012258514342956077	-0.06455718003113266	-0.039786802503220385
V1_10_33_T2	0.0360969937161032	0.022740683739194988	-0.0021891762471250528
V1_10_34_T1	-0.01612226356870738	0.02077614580697135	-0.01825011904486757
V1_10_34_T2	0.04148149068897829	-0.047140373460975396	0.027627502698158064
V1_10_35_T1	-0.03810351121374148	-0.01207496043603435	-0.04404319626155795
V1_10_35_T2	0.0416890804794977	-0.04494404193236114	0.04419423356009424
V1_10_41_T1	0.009912658119083822	0.017407252484015978	-0.02775662651243474
V1_10_41_T2	0.02692629291695344	-0.07891448744663239	-0.020939239988637105
V1_10_42_T1	-0.030163495282054198	0.025612934756264093	-0.03631876734209623
V1_10_42_T2	0.03985885954986723	-0.07088854441943426	-0.008192545032866745
V1_10_43_T1	-0.06620130288198713	-0.05396054202864055	0.006240131396617849
V1_10_43_T2	0.04066666998966029	0.028235320908970997	-0.032384490858660506
V1_10_44_T1	-0.0453904258029048	-0.05998516894276168	-0.019846324707969595
V1_10_44_T2	0.023802852623975978	0.03448956080884765	-0.03535017944991875
V1_10_45_T1	-0.04952075421783297	0.03815518460860301	-0.007512687470899178
V1_10_45_T2	0.01832627268224336	0.04576736294749262	0.015317899867096134
V1_14_11_T1	0.021518823875429395	0.04695894976499783	0.034655736608151806
V1_14_11_T2	-0.02826459076326324	0.039999348106000816	-0.03109578048824433
V1_14_12_T1	0.024691527044356856	0.044101891178818554	0.04190849681606768
V1_14_12_T2	-0.026234942504514913	0.03774273583239075	-0.04727274752212968
V1_14_13_T1	0.046549900549898604	0.0545033823774096	0.05181620512808641
V1_14_13_T2	-0.0291837005815248	0.037306532652436476	-0.034676576129874986
V1_14_14_T1	0.012482537813254835	0.04381781937437994	-8.253337607633642e-05
V1_14_14_T2	-0.037569195779522786	-0.04334096609353216	0.0026593032463471823
V1_14_15_T1	-0.04200663749486826	0.057401962228154635	0.03013329678185896
V1_14_15_T2	-0.05076843981010601	0.03359980863374048	-0.0687311577405491
V1_14_21_T1	0.014492828153230428	0.044399897669598835	0.01550700847812704
V1_14_21_T2	-0.01793120050743966	0.02857131638516262	-0.05855436791292553
V1_14_22_T1	-0.02387276927962101	0.03639052785439284	-0.010308341237000923
V1_14_22_T2	-0.033163977493446094	-0.03818222679808523	0.024004415590017453
V1_14_23_T1	0.008051374197391969	0.01901816080696058	-0.026717256035158298
V1_14_23_T2	-0.02466354109800845	0.033561147938835835	-0.05382897158368837
V1_14_24_T1	0.04553164207255196	0.054645534300395066	0.030781696750961193
V1_14_24_T2	0.025489829796831672	0.053173770191704	0.01407186100363396
V1_14_25_T1	0.03675288017761152	0.049184315899500085	0.02570282940197802
V1_14_25_T2	0.011270456389889919	0.01503715151834591	-0.01883469392587933
V1_14_31_T1	0.05666682441460004	0.048180792084238	0.06447456904048857
V1_14_31_T2	0.014536593375480286	-0.0487715746994302	-0.0010115457345867271
V1_14_32_T1	0.049258887517790124	0.05471853540497315	0.05022526257737263
V1_14_32_T2	-0.016412921118616437	0.03899026363090779	-0.04656865051543778
V1_14_33_T1	0.01232013092049795	-0.06486329663418779	-0.031396119785798905
V1_14_33_T2	-0.028358591382910397	0.0352752256523038	-0.053542423059774316
V1_14_34_T1	0.0027958660406317897	0.00670370862752695	-0.018712672871997488
V1_14_34_T2	-0.03029385414825636	0.028909286581090547	-0.07238381634619677
V1_14_35_T1	0.01953962552584444	0.011692684751128115	-0.0013368553337899107
V1_14_35_T2	0.011390858176673083	0.01426915353515951	-0.04512231367198689
V1_14_41_T1	0.06075391102158348	0.0656553280511884	0.09543490483677916
V1_14_41_T2	-0.005989521092256911	-0.045701673607496406	-0.009088210006387858
V1_14_42_T1	0.052244615290722066	0.04484794018296877	0.040134896106894385
V1_14_42_T2	-0.015116648005410713	0.03668897019144954	-0.0474320063797974
V1_14_43_T1	0.046888828949661794	0.03782085891011991	0.019954445670508157
V1_14_43_T2	-0.0411467216730013	0.04039125314165119	-0.04826349655801618
V1_14_44_T1	0.01404525843459095	-0.05730749172618064	0.005201852174986876
V1_14_44_T2	-0.02352616665207562	-0.04310227033452064	0.0037457747696204454
V1_14_45_T1	0.004526257672757871	0.0480457824853875	0.04413809238297313
V1_14_45_T2	-0.029052121985736635	0.024797938408010704	-0.09760479853414285
V1_21_11_T1	-0.04022965853249097	-0.053559182305341485	0.013388235060542377
V1_21_11_T2	0.05428692027302357	0.05600055286475363	0.04452625686533475
V1_21_12_T1	-0.0688404745346882	0.056140166961572445	0.056348521484160544
V1_21_12_T2	0.01366234062278635	-0.05035338477116448	-0.007432327028535363
V1_21_13_T1	-0.08224658119310482	-0.043551069506971435	0.03903996159532676
V1_21_13_T2	-0.058543642722205164	0.03049976881035161	0.020286152896483015
V1_21_14_T1	-0.11658355756365901	-0.0219336717164786	0.11595228723682839
V1_21_14_T2	-0.07027578324144075	0.05042303673547469	0.06182058035228523
V1_21_15_T1	-0.08960394900577098	0.05553367916553352	0.06257949665145496
V1_21_15_T2	-0.04446218794062725	0.03834448751149795	0.008696669199154348
V1_21_21_T1	-0.02779362502003064	-0.06429030633906127	-0.016739604310821093
V1_21_21_T2	0.027172550562224958	0.036236832481738986	0.012474986987971077
V1_21_22_T1	-0.06322599144333495	-0.04970708664525975	0.029458448524036528
V1_21_22_T2	-0.030908183022206107	-0.047395483603729256	0.027897547198209808
V1_21_23_T1	-0.07905552665762525	-0.042270597307052925	0.025898707831390366
V1_21_23_T2	-0.029999310422353834	0.04238660145019408	0.006823514265388438
V1_21_24_T1	-0.10553676004534004	0.05531275010207281	0.05100409120399416
V1_21_24_T2	-0.06755315819302227	-0.031012961883020156	0.07368360749292213
V1_21_25_T1	-0.08581348811415408	0.04915080585734742	0.040574872776077665
V1_21_25_T2	-0.06820586086870423	0.03353062967040959	0.00318849643268533
V1_21_31_T1	0.015887571902821963	-0.008687765346458787	-0.07652302305887554
V1_21_31_T2	0.023908862497745625	-0.05348805995007771	0.062185701073530525
V1_21_32_T1	-0.032691078587311045	-0.009226032760590716	-0.10561561763546187
V1_21_32_T2	0.053844086801464845	0.006705258865543975	0.004273048822175429
V1_21_33_T1	-0.034887776515396776	0.018810683384643076	-0.052532266967974965
V1_21_33_T2	0.055243979456096846	-0.04139381990005218	0.08292524423071228
V1_21_34_T1	-0.04422212496150115	-0.06307979252753562	-0.019865195008335945
V1_21_34_T2	0.057561096891969685	-0.0368951776323229	0.08392284796697459
V1_21_35_T1	-0.04250407435589884	0.039056125706892084	-0.004773281469876478
V1_21_35_T2	0.021662145777775248	0.023110374113502998	-0.015790117294785987
V1_21_41_T1	-0.018746057807613424	-0.07930933303172513	-0.07672559139715164
V1_21_41_T2	0.050012463479255434	-0.0425424051451343	0.07912594130592845
V1_21_42_T1	0.001707483009770568	-0.012205637797734417	-0.12753094924804836
V1_21_42_T2	0.040483496101685224	-0.05402343979078341	0.035169018172072984
V1_21_43_T1	-0.07234891757821052	0.03595075447297971	0.019595703244464448
V1_21_43_T2	0.03829729235662212	0.03157673044593577	0.015592189204403282
V1_21_44_T1	-0.08316303190258655	0.04924524446869999	0.06275146498303283
V1_21_44_T2	-0.007602151029373617	0.04452737947300573	0.010537681796324543
V1_21_45_T1	-0.07995442618354787	0.04439332923019258	0.029535246872876328
V1_21_45_T2	-0.00515197694270435	0.045927315106092395	-0.0050765743515077625
V1_23_11_T1	0.00883964167325863	-0.033532228207402814	-0.08941708054600228
V1_23_11_T2	-0.003371742354886236	-0.045899752354900035	0.030810054617997306
V1_23_12_T1	0.015755124037842978	-0.007745154693300481	-0.06893738806917243
V1_23_12_T2	-0.042835251655060004	0.06268758664556279	0.054047455772233036
V1_23_13_T1	-0.0005213108862407393	-0.07944249379168684	-0.046424208153998975
V1_23_13_T2	-0.014857432362892739	-0.037590809849480586	0.039778793683975376
V1_23_14_T1	0.03255546190765495	0.005467664820150069	-0.0277360389574958
V1_23_14_T2	-0.033764583903579816	0.01762613637263956	0.009028492287445886
V1_23_15_T1	-0.0024939823318353036	0.0025349872131922545	0.013360503650827452
V1_23_15_T2	-0.0800241625945782	-0.04297698721480435	0.04099326999774877
V1_23_21_T1	-0.006009265752554523	-0.058515622691830145	-0.014601374551419128
V1_23_21_T2	-0.01947316720887465	-0.04869050665610293	0.018611701909102173
V1_23_22_T1	0.023200975764810908	-0.06924045042371543	0.014229390123639562
V1_23_22_T2	-0.060249465923064294	0.05931845427417231	0.04274032262048901
V1_23_23_T1	-0.026450781220915976	0.011781798732331991	0.011695758422793773
V1_23_23_T2	-0.07498174289274497	0.052139812489165396	0.039691252528916025
V1_23_24_T1	0.009586777777873142	0.04615691351652948	0.04179432972023998
V1_23_24_T2	-0.07073044752306672	0.04449736905602261	0.03442436869375376
V1_23_25_T1	-0.07675820807708653	-0.04963588903853046	0.045317016165246755
V1_23_25_T2	-0.10777229196618916	-0.022463610114556654	0.0994005499092556
V1_23_31_T1	0.046917190539865115	-0.048799532598588304	0.027032075592512774
V1_23_31_T2	-0.02330477865362864	0.01960215930947139	-0.002361214670298958
V1_23_32_T1	0.016257791452686157	-0.060204341216882416	0.024073554412811286
V1_23_32_T2	-0.037857217169713804	0.013765352507093985	-0.020796302288806284
V1_23_33_T1	0.06527109594644347	-0.041506155932259196	0.05569084770123256
V1_23_33_T2	-0.05771208655294792	0.02695429986791693	0.006561519330925149
V1_23_34_T1	0.051901412826179244	-0.0799779633476612	-0.025816134264546355
V1_23_34_T2	-0.0403233903016991	0.03153570537874914	-0.004391558729052524
V1_23_35_T1	0.05575416234422811	0.020989154817927846	-0.029855873188270765
V1_23_35_T2	0.007440529774583606	0.025021296714497897	-0.023648993056812843
V1_23_41_T1	0.05838166623878764	0.044050964466006495	0.02408206731254573
V1_23_41_T2	-0.012291916369693819	-0.04794028136544208	0.020708507313390696
V1_23_42_T1	0.05880240162781566	0.023345620916232233	0.01301101344289176
V1_23_42_T2	-0.011728209943492643	-0.003128014049925206	-0.001229910324064693
V1_23_43_T1	0.03991292286214093	0.028542834428610393	-0.005319686749139995
V1_23_43_T2	-0.03064995049511328	0.029149762406779203	-0.0231087231940503
V1_23_44_T1	0.07140399381704036	0.04088350751586026	0.026099623255311507
V1_23_44_T2	-0.0008158807299482409	0.018064660569265287	-0.029042939460005038
V1_23_45_T1	0.023918179811189457	0.03334516930915311	-0.007240949898249177
V1_23_45_T2	0.008027878436488676	-0.03869849432089125	0.04058930148240628
V1_24_11_T1	0.030534516855297362	0.034508624939697766	-0.008537273639844517
V1_24_11_T2	0.006619303418289792	-0.036764919062940375	0.053971813265721105
V1_24_12_T1	-0.05306388323111123	0.03540937720065363	0.01104878996979039
V1_24_12_T2	-0.03072920380241966	0.03745562428630213	0.009519415863173845
V1_24_13_T1	-0.05763224645734748	0.047489528119656364	0.009700550765946229
V1_24_13_T2	-0.03768366835838038	0.041215986726245685	0.019294710758981454
V1_24_14_T1	-0.07319533758176416	0.008073600659931015	0.00649182469980146
V1_24_14_T2	-0.04883596830954752	-0.034070890504157875	0.053149247373752914
V1_24_15_T1	-0.03440556520114777	-0.0004205763520586719	-0.02651733205563404
V1_24_15_T2	-0.058401684826090046	0.03630593147086335	-0.0025567631578472436
V1_24_21_T1	0.024535089126141225	0.010276338486239276	-0.0206559845110336
V1_24_21_T2	0.035290241117227464	0.05689899849807856	0.051276281991810176
V1_24_22_T1	0.022687879094576965	0.035566065085452785	-0.022743390304376315
V1_24_22_T2	0.028003014266523418	0.05286168895056551	0.018971770584341068
V1_24_23_T1	0.0005562775125403796	0.00955647620154918	-0.06609049817878594
V1_24_23_T2	-0.029236341683776496	0.035280125615091834	0.02713763338240471
V1_24_24_T1	-0.017150075420278948	0.003840382335188445	-0.012856362960485852
V1_24_24_T2	-0.0335361197256304	0.031777872332641025	0.011034181694591763
V1_24_25_T1	-0.05286786047238656	0.0275286286215265	0.0038917306402750304
V1_24_25_T2	-0.04494145714231812	-0.0419732726793126	0.04351928665111315
V1_24_31_T1	0.05946623357739384	0.04875288274452524	0.044524229194587345
V1_24_31_T2	0.05324652500950994	0.03673104711671656	-0.00369479157046785
V1_24_32_T1	0.04908841549261785	0.040683436088471026	0.00019291758777991602
V1_24_32_T2	0.06984918413750772	-0.015912794050439025	-0.005492431657375549
V1_24_33_T1	0.050795314526070376	0.028685027743316337	-0.060584997809955916
V1_24_33_T2	0.05606636953312289	0.06313265311836631	0.07239224138341399
V1_24_34_T1	0.017196861191377175	0.010441803321853831	-0.03532815926164536
V1_24_34_T2	0.006033246860718923	-0.05834819523155874	0.0001482031541338681
V1_24_35_T1	-0.0048502470982139554	-0.005055378880283578	-0.04287767674707205
V1_24_35_T2	0.0014840729036561169	-0.0016664095272957273	-0.0035147471112802336
V1_24_41_T1	0.03679919941245481	-0.007756621663318264	-0.03235899732318165
V1_24_41_T2	0.06506423430479455	-0.03043730752158383	0.06721548207932074
V1_24_42_T1	0.048438152940941004	0.04138325019048311	0.004546375439878196
V1_24_42_T2	0.05019549470705061	-0.04798515401345684	0.01556855330627592
V1_24_43_T1	0.010541276257199106	0.014302673815805841	-0.0875961797535727
V1_24_43_T2	-0.02206060206390992	0.024091892093536	-0.033200574215061375
V1_24_44_T1	0.04439679276287058	0.021414777070399706	-0.01878556546433012
V1_24_44_T2	-0.014799374703996473	-0.050555608216938344	0.006492491867391668
V1_24_45_T1	0.04852392046382433	0.005337312897427457	0.0037136754819391614
V1_24_45_T2	0.0007680114611002893	0.013659778805264478	-0.015638722709148616
V1_5_11_T1	0.04083455782555339	0.026504257885633674	-0.0009375315925836213
V1_5_11_T2	0.00045747011924632	-0.06877557381261211	-0.003628501602570428
V1_5_12_T1	0.042752254522592396	0.0009964524108963262	-0.03167392220651533
V1_5_12_T2	-0.00927280676462926	-0.058142382737023046	-0.002794846284308148
V1_5_13_T1	0.022564451929933282	-0.031131967667096038	-0.022101381297191226
V1_5_13_T2	0.028203815572174582	-0.04298746362457327	0.03408801409798423
V1_5_14_T1	0.015111151366839342	0.009921782412031406	-0.02580400061625228
V1_5_14_T2	0.036760592061125585	-0.04669535262821428	0.01932808199432362
V1_5_15_T1	0.03086846358530655	0.034459900325605856	0.010112454940679153
V1_5_15_T2	0.04502001877569827	-0.03857305638751545	0.04700281630196283
V1_5_21_T1	0.03545484824177665	0.044436485000141294	0.03427749827988083
V1_5_21_T2	-1.566342643324248e-05	-0.06618723582920578	0.00025074625231233865
V1_5_22_T1	0.06316506009411578	-0.00953520030884318	-0.01790630539097871
V1_5_22_T2	0.004105200050914686	-0.054213059925546356	0.026563299635740105
V1_5_23_T1	0.012100086165350089	-0.00627732762058283	-0.004368110474678278
V1_5_23_T2	0.0077826431941447165	-0.058873425730205514	0.006164958297996011
V1_5_24_T1	-0.003785000011970266	0.028811170600899404	-0.014116264576057804
V1_5_24_T2	0.0027621446355078965	-0.04223809305571651	0.03674134055519682
V1_5_25_T1	-0.04317571657242355	-0.0604385060512474	0.004635305877568233
V1_5_25_T2	-0.02936934714677215	-0.048641072827897675	0.018534256142096084
V1_5_31_T1	0.03992528263652829	-0.04602481792527035	0.03247544282718432
V1_5_31_T2	-0.01781188677458773	-0.04166816795123012	0.0520615508522426
V1_5_32_T1	0.03991294346292909	0.001015128591575301	0.044739904399812895
V1_5_32_T2	0.011300517613272878	0.032340223467094156	0.038874174797155985
V1_5_33_T1	0.03750562342163728	0.054031585036028625	0.05482459144028296
V1_5_33_T2	0.004628712157346263	0.05610195546221844	0.04248176946419587
V1_5_34_T1	0.06865364642368045	0.06419478060051845	0.06657795831117114
V1_5_34_T2	0.03904033454680876	0.04457428296416338	-0.01438161178026648
V1_5_35_T1	0.05490094197420413	0.0603006367340931	0.06380333780247659
V1_5_35_T2	0.015780069522509522	0.01668599039536071	-0.019031680744536233
V1_5_41_T1	0.02113912961926287	0.04920249710495435	0.05299003094941123
V1_5_41_T2	0.02733843995401473	-0.030366387824651734	0.07288680807732094
V1_5_42_T1	0.05610047820335083	0.06131338512778762	0.06509644152944391
V1_5_42_T2	0.02703619737436494	0.05548240408495703	0.06280953879224599
V1_5_43_T1	0.04548744523877678	0.051044004142195225	0.06303185923588923
V1_5_43_T2	0.02972355655361174	-0.00021623297871904926	0.02094637821769999
V1_5_44_T1	0.07016639377711913	0.044184109464882805	0.026316245033902372
V1_5_44_T2	0.06258840809798895	0.03026073765886949	0.002160715787899598
V1_5_45_T1	0.04472878596672801	0.010715415842177299	0.025667900830617735
V1_5_45_T2	0.03979164352077899	0.026410231964611376	0.025926316129991436
V2_15_11_T1	-0.022454855858724816	0.03631738547671567	-0.024752344864116035
V2_15_11_T2	0.009894893637609297	-0.04265743486120192	0.025724919309761715
V2_15_12_T1	-0.06467066662098662	-0.03781224502017881	0.04455232226611566
V2_15_12_T2	0.012124934671027375	0.005439475084776363	-0.012614521135110933
V2_15_13_T1	-0.0619149696188125	0.04738462556197478	0.025106994872810356
V2_15_13_T2	-0.027914108974886713	0.043814538358881126	0.012026734059867934
V2_15_14_T1	-0.09776702322583777	-0.03591166428052378	0.045625579728441
V2_15_14_T2	0.008833510657353534	0.045322351584848763	0.007778171830076213
V2_15_15_T1	-0.09087072166012737	-0.05057114978587819	0.0432949496899036
V2_15_15_T2	-0.06404798341496831	-0.04508393003946506	0.014034098326530827
V2_15_21_T1	-0.016916498300118387	-0.06204158545251886	0.009886089155896732
V2_15_21_T2	0.016506005236892985	0.04214523039147478	-0.0003002931877624123
V2_15_22_T1	0.006908051949853382	-0.024055250944135555	-0.0191357656888537
V2_15_22_T2	0.030759322830631777	-0.047333757541794	-0.0043185413807346335
V2_15_23_T1	-0.05244496780275004	0.03137518987034273	-0.015229583527226908
V2_15_23_T2	-0.01289915474701833	0.04013887313812051	-0.01636958070925721
V2_15_24_T1	-0.07249366610713433	-0.03803541048428086	0.03626399603485959
V2_15_24_T2	-0.037254207908243964	0.02192077279535491	-0.018646504380520318
V2_15_25_T1	-0.07174262813809888	-0.05286099306550077	0.023577980560044596
V2_15_25_T2	-0.04155218392392961	0.03302362674301587	-0.00325799180740683
V2_15_31_T1	0.03575862804108118	0.03387592158070459	-0.004541148315813477
V2_15_31_T2	0.04658794378170034	0.006099519646407798	-0.018215748877547733
V2_15_32_T1	0.05205186430586561	0.030907299737227147	0.026340729964646387
V2_15_32_T2	0.053452231721671	-0.04304814375167008	0.02332691901009644
V2_15_33_T1	0.03652684277132997	0.021697524846988496	0.00502872658619898
V2_15_33_T2	-0.0014055748796331657	0.04055974331255095	-0.0013117731716371147
V2_15_34_T1	-0.02122135500131714	-0.04375749006342153	0.0348982410083717
V2_15_34_T2	0.010566955541170563	-0.04493158083199764	0.029102663869769615
V2_15_35_T1	-0.012877056612982862	-0.05042609194534201	0.023707616806165347
V2_15_35_T2	0.019014519589423535	0.001380764097982415	-0.015571696096000827
V2_15_41_T1	0.03238280922143312	0.025455801657870078	-0.00969532812722927
V2_15_41_T2	0.056780789059232624	-0.050313354033317756	0.002188829781685363
V2_15_42_T1	-0.006179744375041536	-0.06195729458269365	-0.022728277556466583
V2_15_42_T2	0.04655159915810741	0.007530805329439981	0.02235287373909478
V2_15_43_T1	-0.025356466997776345	-0.045107083290334554	0.028682668279486047
V2_15_43_T2	0.04711408110036835	-0.01604512097242648	0.004917605310855584
V2_15_44_T1	-0.007382321278871783	-0.05754099536808763	-0.018329728975658634
V2_15_44_T2	0.029151657999346856	0.0527693281546345	0.041224014100227364
V2_15_45_T1	-0.04118244417483035	0.04148828842210551	0.018254131535699356
V2_15_45_T2	0.00800046392776031	0.01565034073101395	-0.02930005158626517
V2_16_11_T1	-0.02805887948161581	0.017428366915594004	0.01157565907248785
V2_16_11_T2	0.018559426169946814	0.010098435997209927	0.001205489721989884
V2_16_12_T1	0.006315251332345714	-0.051855800644232855	0.02334278141520148
V2_16_12_T2	-0.0007933146370018867	-0.03725313307973073	0.051273484749222
V2_16_13_T1	0.02310557112145563	0.03061022515653498	-0.023859840569936022
V2_16_13_T2	-0.012561296322563085	0.031997745382537954	0.014578368966636562
V2_16_14_T1	-0.004045378807191812	-0.03920443797617347	0.04481738633636364
V2_16_14_T2	0.006307250565051448	0.05121194319103599	0.04611045864624552
V2_16_15_T1	-0.02702406457456571	-0.05589660651891911	0.006055280567998579
V2_16_15_T2	-0.01174245228720029	0.04201666884376678	-0.015671046582717955
V2_16_21_T1	-0.009575410382961844	-0.06985369042896145	-0.020280294314244
V2_16_21_T2	0.006747575981657177	0.033735423047736995	-0.012967523817987148
V2_16_22_T1	0.0007744838197472676	-0.05562537234233755	0.006425228087130345
V2_16_22_T2	0.027959245269753737	0.035666220939195914	-0.014251770904173235
V2_16_23_T1	0.022875151493748875	0.042144653367520726	-0.004410537806009734
V2_16_23_T2	0.035831270698919115	0.04614387156342721	0.008728604197864831
V2_16_24_T1	0.030868119940512865	-0.04133680947048255	0.021771647364921744
V2_16_24_T2	0.03202147209465899	0.03661740172468602	-0.03689732791810813
V2_16_25_T1	0.024103559012097594	0.04540610553924564	-0.012795950630001536
V2_16_25_T2	-0.01375788813301324	0.040216407623119496	-0.01798430500002703
V2_16_31_T1	0.03827846931428628	0.04290324568092235	0.0018988173877454153
V2_16_31_T2	0.03487338089438521	0.020643424074570264	0.03175981082651088
V2_16_32_T1	0.03278970874655447	0.041476926782109416	0.015572887097147738
V2_16_32_T2	0.02983916583973509	-0.05228208026272069	-0.011485618602466444
V2_16_33_T1	0.04011844130068464	0.05549229160726232	0.032765694549062446
V2_16_33_T2	0.01593978179717714	-0.05698382462373168	-0.024219490386963874
V2_16_34_T1	0.038119287877704716	0.042459950451700326	-0.0006961827690024253
V2_16_34_T2	0.0386603134150754	0.049450777223574015	0.005476235750505581
V2_16_35_T1	0.03494541301753575	-0.01806901158370969	0.007509965275533489
V2_16_35_T2	0.035128465090157324	-0.03897591666015181	0.044483674935540604
V2_16_41_T1	0.04088335457370741	0.028819122461354443	-0.017118166500074018
V2_16_41_T2	0.035815894441471804	-0.03940186495258526	0.04057914504824612
V2_16_42_T1	0.02908502770427541	0.03081929320797246	-0.04544110204645739
V2_16_42_T2	0.018831583442812848	-0.0565875196694357	-0.012623179029940474
V2_16_43_T1	0.03013614182529428	0.019985963692735722	-0.04383906294247018
V2_16_43_T2	0.027721682369614267	-0.05540339185835577	-0.036450357320486855
V2_16_44_T1	0.02737698209057802	0.03974214752351229	-0.023002712875648135
V2_16_44_T2	0.016001808784907205	-0.006177836495784315	-0.11206174317197685
V2_16_45_T1	0.010429874298036698	0.004797009422498657	-0.04053255871911211
V2_16_45_T2	0.04164069856075106	0.0471401097350204	-0.001465505311960381
V2_24_11_T1	0.007831559036144917	-0.04712288211418068	0.0157907471484323
V2_24_11_T2	0.012303683154117253	0.0370533097852841	-0.0038141156421152406
V2_24_12_T1	0.046570276738033704	0.04388931237333807	0.006195658869712708
V2_24_12_T2	0.0014680614562583487	-0.06731239045332135	0.0030582393188213165
V2_24_13_T1	0.02442557360575703	0.026741104124799443	-0.03790412265025461
V2_24_13_T2	0.023734150391122994	0.05461800783285248	0.04961531349590528
V2_24_14_T1	0.02205957295378543	-0.001369722570156873	-0.010486426564943092
V2_24_14_T2	0.04723236704137649	0.05161780955150297	0.05800700541818192
V2_24_15_T1	0.008441624554448572	0.01330510921310565	-0.021927585424087292
V2_24_15_T2	0.0272320291039165	0.004667585151246703	-0.0013349531581441055
V2_24_21_T1	0.02123358134886462	0.018622897520272724	-0.04788622162706249
V2_24_21_T2	0.02800165754092258	0.019688061934493087	-0.008955966405290646
V2_24_22_T1	0.02844777130370924	-0.051310974609513185	0.0005861740500294946
V2_24_22_T2	0.008651840325515745	-0.003295453889727441	-0.016047737592882
V2_24_23_T1	0.006446761052529992	0.037707216742205805	-0.0013609235094403285
V2_24_23_T2	0.0009252866343531301	0.05681484891154183	0.02983666717148926
V2_24_24_T1	-0.038016893601842745	0.019297980793638536	-0.01921917052557666
V2_24_24_T2	-0.0006858746796083882	0.04669003725757227	0.011468943149199821
V2_24_25_T1	-0.04865531826431321	0.019050169338096085	-0.00017466098670799123
V2_24_25_T2	-0.019098899381949076	0.03228947035736593	-0.003154568959641398
V2_24_31_T1	0.05940004917694936	-0.047412843099299835	0.0760536964297543
V2_24_31_T2	0.0486779240126736	0.02197814779172109	-0.010178075021491933
V2_24_32_T1	0.07315455788939566	-0.04123003712329064	0.07925612508503586
V2_24_32_T2	0.031986129905588856	-0.04933098890305383	0.01444041793080286
V2_24_33_T1	0.06938775283522801	0.019874689877622788	0.0071716683358022905
V2_24_33_T2	0.028284407884853546	-0.04592008279770978	0.022216751579485466
V2_24_34_T1	0.06883919947370042	0.024279850636735507	-0.005918940554990598
V2_24_34_T2	0.035895613750658334	-0.040251954421328735	0.05754078213044386
V2_24_35_T1	0.03390904723225053	-0.0123563631671068	-0.031394402118951906
V2_24_35_T2	0.03358949136389558	-0.038218323274252564	0.06790480925475736
V2_24_41_T1	0.06089519859773357	-0.051487302595005266	-0.008064450412441481
V2_24_41_T2	0.059985599829084815	-0.04299928854624247	0.06702351745118879
V2_24_42_T1	0.05917775356175194	0.0029832559602073145	-0.044881505759106544
V2_24_42_T2	0.02831606994935408	-0.0573168572270382	-0.012541119870907416
V2_24_43_T1	0.07236289709193647	0.03921535746276357	0.041967284743943976
V2_24_43_T2	0.037695184611780445	0.010205537456419512	-0.0278581126286087
V2_24_44_T1	0.032003213081885785	0.036060496066899546	-0.00997897512920471
V2_24_44_T2	0.05376917198848958	0.023043361683841718	-0.0634716538242564
V2_24_45_T1	-0.02930140634761897	0.03829224492223423	-0.00019625319479484792
V2_24_45_T2	0.06855173213081021	-0.041572922978525044	0.102666100061795
V2_26_11_T1	-0.00025642395855219143	-0.04441351753440415	0.037003334906067685
V2_26_11_T2	0.010374141916523954	-0.00015595617641468137	0.010306820722575265
V2_26_12_T1	0.005978622672897067	0.03391959250555727	0.02397402612798867
V2_26_12_T2	0.0070752928485409315	-0.00467691310937999	0.0002773634394561108
V2_26_13_T1	-0.05041597866447003	0.024334862425786287	-0.016214659718152384
V2_26_13_T2	-0.022697506232376364	-0.012642688674530632	0.006087137987011584
V2_26_14_T1	-0.02438638593234769	0.03912394403243143	-0.016094948688624967
V2_26_14_T2	-0.03317101239569241	0.038383541512333245	-0.010192871832922713
V2_26_15_T1	-0.08063297014707634	0.012023833493597064	0.01843451372143224
V2_26_15_T2	-0.02889810825329809	-0.049156853428285935	0.014182554520945112
V2_26_21_T1	0.010238005729577265	0.04902186886982121	0.012767033852977193
V2_26_21_T2	0.012550945323469079	0.01837742075026508	-0.02480842057604827
V2_26_22_T1	-0.008982571774921018	0.038154357205247486	-0.02117357866141977
V2_26_22_T2	0.0011576402118801859	-0.0008158174374324038	-0.0015661028264252308
V2_26_23_T1	-0.045653059385807986	0.04039654795430018	-0.008496386118241037
V2_26_23_T2	-0.015952225454327177	0.05654414359743216	0.017704716460876676
V2_26_24_T1	-0.024407188493664255	0.04588451814642103	-0.010289429135102727
V2_26_24_T2	-0.013489705807126353	0.051917618975571386	0.006801384810514988
V2_26_25_T1	-0.053568875274372756	-0.0359809070595736	0.028667307851771996
V2_26_25_T2	-0.007380201576857885	0.04817285241294229	0.002098885688352377
V2_26_31_T1	-0.00958366823054431	-0.05269200808285215	0.010962648566077959
V2_26_31_T2	0.03628700941295786	0.04806902808783719	0.004555504956576489
V2_26_32_T1	-0.037173261248991986	0.032497376225341566	-0.032161576195541115
V2_26_32_T2	0.032569399387944606	0.00804702182659607	-0.012825100473906888
V2_26_33_T1	-0.004134974124515007	0.031496152175687395	-0.027499403629300142
V2_26_33_T2	0.01750429733485777	0.002379941014304894	-0.02233632447828902
V2_26_34_T1	0.019794395316678832	-0.051292112430623614	-0.008889516827682183
V2_26_34_T2	0.024336156763148133	0.0403559339632342	-0.004243862586820267
V2_26_35_T1	-0.043518181320343186	0.03980020026874027	-0.010124627062954408
V2_26_35_T2	0.019746902929919662	0.009513405750368025	-0.0017972669180890619
V2_26_41_T1	-0.012837817021127875	-0.05106141771162857	-0.008952081366955288
V2_26_41_T2	0.031946012893717866	0.02126514822533254	-0.03972875489720201
V2_26_42_T1	-0.009322628762812174	-0.007133939135566753	-0.07594544041707692
V2_26_42_T2	0.028699284649923294	-0.0419901732403157	0.033651403387329956
V2_26_43_T1	-0.03873195469549422	0.020605512913769337	-0.060277289991323056
V2_26_43_T2	0.0022818368892178627	0.00382106665269629	-0.07349942602805598
V2_26_44_T1	-0.027200750034844984	0.02184468427168799	-0.02909164502797446
V2_26_44_T2	0.030014866453199326	0.04817306605923182	-0.003129896488967183
V2_26_45_T1	-0.04334778740204974	0.045443640715264896	-0.02075346014677416
V2_26_45_T2	0.019173360314102425	-0.005344123824658704	-0.005811455383954287
V2_27_11_T1	-0.01688395181861791	0.004388983977392214	-0.05356718030180643
V2_27_11_T2	0.0011433271313511743	0.015285928578500295	-0.056881141516917255
V2_27_12_T1	-0.03086437950770645	0.014276855055613862	-0.01647718297902147
V2_27_12_T2	-0.0202405666210429	-0.048502271558543045	-0.009961492611147118
V2_27_13_T1	-0.04483498647967972	-0.017106306571404845	-0.13817486199616308
V2_27_13_T2	-0.007947954197185374	-0.009063297531770004	-0.06248421795895004
V2_27_14_T1	-0.02976713338757364	-0.01707027530998813	-0.05800885171806991
V2_27_14_T2	-0.018715866089271234	0.027114725027515236	-0.05422512578125722
V2_27_15_T1	-0.010238961477026211	-0.0029771513939255826	-0.08377715707798553
V2_27_15_T2	-0.0499252408240033	-0.06383992404226624	-0.02211624580657209
V2_27_21_T1	-0.016763784151679725	-0.016292208016451426	-0.07235683500395522
V2_27_21_T2	-0.004724841016980663	-0.0013909243900178372	-0.05470000809000858
V2_27_22_T1	0.002403440940861881	0.018940628998597383	-0.06051700080685838
V2_27_22_T2	-0.04821966871957843	-0.05108972772336866	-0.006519801736174726
V2_27_23_T1	0.019352010747020098	0.02539758258298732	-0.02456405312500352
V2_27_23_T2	0.002139460148636936	-0.0012956649457881802	-0.07111412856896066
V2_27_24_T1	0.008613907604134824	0.022312197252067786	-0.06046622177036387
V2_27_24_T2	0.0118447709940741	-0.05511989643407513	-0.01983719972548415
V2_27_25_T1	-0.02489725802895313	0.010399272941888851	-0.057589196024852705
V2_27_25_T2	-0.05805576691087281	-0.01722295629943028	-0.10218864584291128
V2_27_31_T1	0.022463327065069365	-0.009478140300931049	-0.0708923161012086
V2_27_31_T2	0.057548613229108515	0.029734077900936212	-0.029173122691457224
V2_27_32_T1	0.019465822738921723	-0.06863739856503213	-0.06859611022293906
V2_27_32_T2	0.04728059084629123	0.013484074277761111	-0.05933505612218982
V2_27_33_T1	0.01701104711810947	-0.005861212759728167	-0.13627052789768818
V2_27_33_T2	0.057641121848615084	-0.05196056644817191	0.051229152105200536
V2_27_34_T1	0.01536360264600089	-0.060203916282811076	-0.02263979551690119
V2_27_34_T2	0.023840918943578322	-0.07531740349052696	-0.026741059778319483
V2_27_35_T1	0.024180893684050943	0.030991294963389697	-0.01779990970354197
V2_27_35_T2	0.02314589776289778	-0.06404769713929323	-0.014651724924699329
V2_27_41_T1	0.016935989985444672	-0.05850569025388208	-0.020807389570600836
V2_27_41_T2	0.05694939930624503	-0.0577457327585191	0.015091873679690983
V2_27_42_T1	0.011100735082264262	0.0020188373096492497	-0.08227115496781116
V2_27_42_T2	0.04132166632904312	0.030578291558241346	-0.026050558088451903
V2_27_43_T1	0.025686859412659177	0.01278630994175026	-0.0548979361009183
V2_27_43_T2	0.04210138237039837	-0.05479445676817249	0.05577672954954329
V2_27_44_T1	0.019610619045781912	-0.07520982226337629	-0.033896117536811626
V2_27_44_T2	0.03992540551919506	-0.05175290615598959	0.007643513513466764
V2_27_45_T1	0.022683518763078548	0.006491856912918188	-0.03754427781417747
V2_27_45_T2	0.039862904225827465	-0.045736431705199226	0.03426033710815397
V3_10_11_T1	-0.017406440721009747	-0.04569578901257747	0.02518952768256528
V3_10_11_T2	-0.026755343219701792	-0.04220708502758093	0.026439101406129036
V3_10_12_T1	-0.020692527221068298	-0.05093618381778197	-0.001469528287699081
V3_10_12_T2	-0.005408564510555621	-0.0031110928205675906	-0.012206469155957762
V3_10_13_T1	-0.040622094737007265	0.027736689625172894	-0.027143922536266116
V3_10_13_T2	0.02626172399161264	0.040381838665250705	0.01868539844376159
V3_10_14_T1	0.009294053414540971	-0.05499253315347328	-0.012389086295651908
V3_10_14_T2	0.0521994534576401	-0.04625423925431484	0.03225772448585303
V3_10_15_T1	0.006716982727618631	0.02416725586350858	-0.04910590264969853
V3_10_15_T2	0.010698292982126168	-0.049264903962095846	0.0035977880305674047
V3_10_21_T1	-0.040900128020039395	0.0052383283477809624	-0.024443318858236165
V3_10_21_T2	-0.019555279570353492	0.040335796314069465	0.011311729205225322
V3_10_22_T1	-0.019438726397240945	-0.05654445316918525	0.001251329903803846
V3_10_22_T2	0.03004903695361922	0.018483853861495536	0.007155030535397997
V3_10_23_T1	0.00167135036565324	-0.05274499054089313	-0.003985955039788549
V3_10_23_T2	0.03688932431023554	-0.04406784003977225	0.042618274418445186
V3_10_24_T1	0.02205516752230055	0.015639263855255197	-0.05755012046209696
V3_10_24_T2	0.031005972720210488	0.005853931058191204	-0.05152710956395149
V3_10_25_T1	0.015568063683366561	-0.014198142427091382	-0.15341845117200836
V3_10_25_T2	0.050943780345624426	0.006588232852977323	-0.02891476684581479
V3_10_31_T2	0.03721113809838933	-0.044681247427216686	0.012830457148940868
V3_10_32_T1	-0.015038598740916734	0.01184978530728512	-0.043171322995338025
V3_10_32_T2	0.008683834876545464	-0.06290789197557282	-0.04565058640179886
V3_10_33_T1	0.049874306508104704	-0.05428123816302572	0.0439501526202721
V3_10_33_T2	-0.004899642464672872	-0.052193031306530344	0.0007669697539274237
V3_10_34_T1	0.041583607831227505	0.027496474252517	-0.04814908878937358
V3_10_34_T2	0.04614776001379841	0.021214375372607418	0.016434961845040296
V3_10_35_T1	0.034872346837607544	-0.04607366598573143	0.01745602646961666
V3_10_35_T2	0.04160596747384331	0.054227227637156226	0.07176140708731985
V3_10_41_T2	0.011979800089730418	0.023219739686830075	-0.029805057837264608
V3_10_42_T1	-0.07789847814351207	-0.04449412769731448	0.01744573506467155
V3_10_42_T2	-0.0009116316987579106	0.01487834656185784	-0.06669542485193755
V3_10_43_T1	-0.04217608817349993	-0.0659879314009225	-0.022047221349905173
V3_10_43_T2	0.06046501666144094	-0.01882621049251969	0.06035501535666534
V3_10_44_T1	0.003113091350160481	-0.06481365793789796	-0.005465650779680658
V3_10_44_T2	0.059163421551695544	0.04609196993734859	0.06050305597339584
V3_10_45_T1	0.004215715706850775	-0.04992548102894928	0.01896556362391715
V3_10_45_T2	0.053213731528322185	-0.024915701908943575	0.08059707957089736
V3_21_11_T1	-0.008435993648903094	-0.05080640060308568	0.036920446523856044
V3_21_11_T2	0.017923115037562252	0.02774029978164177	-0.01567054816627658
V3_21_12_T1	-0.07508201932909932	-0.011166099953329395	-0.012006524103736961
V3_21_12_T2	-0.056380824605028586	0.06038024154124937	0.05422430686958464
V3_21_13_T1	-0.08533614334166138	0.051663665461836296	0.04140403004033587
V3_21_13_T2	-0.036658614853921835	0.05327595196238042	0.0408378454662033
V3_21_14_T1	-0.08837674493573279	0.05799257982111054	0.05113029030783191
V3_21_14_T2	-0.04005154588720886	0.03460793180273369	0.027339595886674565
V3_21_15_T1	-0.0577306455890846	0.0517921777518084	0.013178810270663066
V3_21_15_T2	-0.03599078874178292	0.008652370399700739	0.013965187280608103
V3_21_21_T1	0.02749343621909478	0.030530866430271777	-0.003961344344912838
V3_21_21_T2	-0.024128059335580553	0.03674079413390444	-0.004917934489528916
V3_21_22_T1	-0.013432797578563478	0.03885872527463423	-0.017493654909766048
V3_21_22_T2	0.0032664466302695073	0.05242102583889412	0.02848095256869847
V3_21_23_T1	-0.06952777634851356	0.05741664555046381	0.0501163701640936
V3_21_23_T2	-0.02773755526635106	0.05586105316101982	0.03239196731866868
V3_21_24_T1	-0.08878650913704529	0.05729264791369238	0.05084179388576508
V3_21_24_T2	-0.022829479157390982	0.05193025756446505	0.015113587479191778
V3_21_25_T1	-0.08660788961653422	0.04417035258053897	-0.00307553409121746
V3_21_25_T2	-0.009021835246921794	0.05112784931950047	0.006848155908202222
V3_21_31_T1	0.05884033454037601	-0.04130440501352743	0.07340984323763139
V3_21_31_T2	0.0686208645982654	0.0660500078151355	0.09677058779323947
V3_21_32_T1	0.06786287750549587	0.03196497458543612	0.017435659878766777
V3_21_32_T2	0.06528288736433739	-0.009035702264846247	-0.026346018364473107
V3_21_33_T1	0.017442759413267228	0.008599871381327213	-0.08909764664377276
V3_21_33_T2	0.06865703608906937	0.051443123359411654	0.04667326554889084
V3_21_34_T1	-0.013012629741207782	0.021991597530658068	-0.026467904803274853
V3_21_34_T2	0.0418348827386188	0.04697096446756358	0.029464737377873428
V3_21_35_T1	0.0241506975412745	0.023680985711476397	-0.05403667695425244
V3_21_35_T2	0.030287286055018722	0.03923480212283595	0.0018798759890416847
V3_21_41_T1	0.03287655805526695	-0.07884227896519713	-0.016565603043776928
V3_21_41_T2	0.06834960170472036	0.06286441737481022	0.07872174299340208
V3_21_42_T1	0.009588568437657647	-0.06753501536772755	-0.06302393233702923
V3_21_42_T2	0.05295395675404983	0.04860351672696536	0.0214770357097537
V3_21_43_T1	-0.009453735324850924	-0.024684833377828896	-0.07182151907644235
V3_21_43_T2	0.05865252116413623	0.0563797509770966	0.09144159433691139
V3_21_44_T1	-0.022392535105273587	0.034142600931640336	-0.02607657103096994
V3_21_44_T2	0.058448481820835896	0.015639046601625222	0.04010646266736876
V3_21_45_T1	-0.008577536350810707	0.005642033310691913	-0.08950142304032278
V3_21_45_T2	0.016950003248186695	0.037507387923830765	0.012509247450563225
V3_22_11_T1	0.005318649943787587	-0.04957821694303908	0.03569230485244831
V3_22_11_T2	-0.03822430731713559	-0.02112080842465544	0.006302627349065178
V3_22_12_T1	-0.004116617992339204	-0.049022046923733076	0.0388937971690015
V3_22_12_T2	-0.04692414628999934	0.024580668202726433	-0.019438671399951205
V3_22_13_T1	-0.004577892791339664	0.015538398316988614	-0.03132717739975184
V3_22_13_T2	-0.03404369723801157	0.013239230843949828	-0.038505190328932626
V3_22_14_T1	-0.02390621364796992	-0.05072634975405112	0.00446420112185922
V3_22_14_T2	0.033815669994485285	0.04308497187503754	0.03159703073611548
V3_22_15_T1	-0.04753251150851244	-0.05076435686718462	0.008809428239180026
V3_22_15_T2	-0.01410090254293745	-0.05940495261383121	0.00252688183765042
V3_22_21_T1	0.03531493565841647	0.034291499343447496	0.023081294058752318
V3_22_21_T2	0.014962736856160222	0.0294226728727293	0.007272559056310706
V3_22_22_T1	0.022670240000699244	0.004865002540206583	-0.014199098839560283
V3_22_22_T2	0.0016751016030717694	0.0011914147314686756	-0.005285137594554504
V3_22_23_T1	0.03017896549404131	0.023547540262832675	-0.007329273267033977
V3_22_23_T2	-0.0049772462812910844	-0.027072049390667315	-0.045561621885779044
V3_22_24_T1	0.011978811564907793	-0.0031655713285159435	-0.02719412369053666
V3_22_24_T2	0.02483631147417508	0.012380737693021776	-0.031813301202207
V3_22_25_T1	-0.06279636134184391	0.029544281132079415	-0.027982398774063375
V3_22_25_T2	0.03086431734865836	0.03369409238602715	0.0025679089846136986
V3_22_31_T1	0.026575488164000495	-0.005614816188461127	-0.019206843412971783
V3_22_31_T2	0.00838782337347406	-0.022681525139301266	-0.014278198768065548
V3_22_32_T1	0.009177870590150867	0.019249593339040923	-0.0315520220003347
V3_22_32_T2	-0.0036807184792573486	0.014971246773079705	-0.017462496700118364
V3_22_33_T1	0.004116377074018211	0.023523247947475744	-0.04337593617461534
V3_22_33_T2	0.010637643548135248	-0.016947908034864848	-0.06340126112882348
V3_22_34_T1	-0.05051935577548918	-0.004471310093087077	-0.018999383665378844
V3_22_34_T2	0.009553888123999446	-0.06855234668688455	-0.0036470603061347644
V3_22_35_T1	-0.05875226100671088	0.028555610593001893	0.0016954384478410104
V3_22_35_T2	0.019751775032736042	-0.05260268445233296	-0.02571364474364847
V3_22_41_T1	0.029379277406148367	-0.05117872707151334	0.004452721686632113
V3_22_41_T2	0.017461140368971412	0.017563298871486336	-0.012575117061691593
V3_22_42_T1	0.018993241826228323	-0.01760897238689316	-0.059499498075376425
V3_22_42_T2	-0.0947552446140777	-0.007707264535515457	0.03125278793784356
V3_22_43_T1	0.03779825822329	0.005931670526281567	-0.09307349200876053
V3_22_43_T2	-0.08234697157552072	0.0016412238190190258	0.031753647947009425
V3_22_44_T1	0.025792814140828166	-0.06055630036456705	-0.023973206565468332
V3_22_44_T2	-0.03985838158369403	-0.01166761244643035	-0.03526036616317043
V3_22_45_T1	-0.016156766574234864	-0.06068363636985428	-0.017029209748556626
V3_22_45_T2	-0.034422881922516656	0.006877110529230024	-0.04275724529087347
V3_3_11_T1	-0.08254155318930652	-0.026920378607697724	0.06992958736616507
V3_3_11_T2	-0.03404904462021144	-0.0013399671164802003	-0.02753084496195535
V3_3_12_T1	-0.008786775898398751	0.026596983358072444	-0.04208602166615123
V3_3_12_T2	0.025051467100469675	0.04593998939562634	0.032189797913659245
V3_3_13_T1	-0.046008799476158324	0.036555597686524534	-0.033342083753963414
V3_3_13_T2	0.015560988113320134	-0.010491560934577426	0.013919215603770132
V3_3_14_T1	-0.062078738080114895	0.01245327558791468	-0.0386111037983455
V3_3_14_T2	0.03247087693691165	0.020762363434325377	0.02331408961598725
V3_3_15_T1	-0.05082545090620551	0.02127655966740309	-0.0570882473937001
V3_3_15_T2	0.018231056739432858	0.014048560871892596	-0.0240568115516736
V3_3_21_T1	-0.037587501393852404	-0.04395504904468027	0.01383319529674012
V3_3_21_T2	-0.04994283673953406	0.04488357863522737	0.009019936224176387
V3_3_22_T1	-0.02307596150490584	0.03247067607884562	-0.03327504351894674
V3_3_22_T2	0.02335118333050719	-0.004407566790993983	0.0011689080794416574
V3_3_23_T1	-0.00045933081729742227	-0.04663963561658176	0.014297340594489297
V3_3_23_T2	0.012540283496619623	0.037133175184605995	0.0027908939797803103
V3_3_24_T1	-0.05718413586585303	0.020415128484637234	-0.033770845440933166
V3_3_24_T2	-0.04735551046577284	0.020648125834433418	0.004102449590884593
V3_3_25_T1	-0.07329705113705086	0.0010595422086313022	0.012602345544135182
V3_3_25_T2	0.02793668484631063	0.02620072186583311	-0.04310771273490886
V3_3_31_T1	-0.0037063831292012445	-0.05252614214016499	0.007137549743488968
V3_3_31_T2	0.025682780988041724	-0.019724488344216154	-0.026646783512006587
V3_3_32_T1	-0.018420502056177117	-0.04416199946403855	0.04275342880340392
V3_3_32_T2	0.024966168852977807	-0.02545242260714168	-0.08418886422665305
V3_3_33_T1	-0.016643259459514843	-0.052113103995530624	0.011034645965705468
V3_3_33_T2	0.0321824046967849	0.024542230391709222	-0.023793114559234045
V3_3_34_T1	-0.010811499263383999	-0.049314335272991734	0.008566891587703
V3_3_34_T2	0.04141238684480705	0.032053994492186426	-0.0008368069515723278
V3_3_35_T1	0.011327308899960968	-0.057250551621438134	-0.007082038287594646
V3_3_35_T2	0.043516083761094636	-0.058695126960533674	0.004442446779716384
V3_3_41_T1	-0.01165832841473868	-0.046681035145429456	0.02202450308282841
V3_3_41_T2	0.039712022873426636	-0.01228162753529457	-0.01612563974485038
V3_3_42_T1	-0.024235998497627576	-0.05463732429629235	-0.0006421140543060792
V3_3_42_T2	0.05024467991423209	0.0270131830331438	-0.023189015296816686
V3_3_43_T1	-0.012666746348207617	-0.02869601548197444	-0.022021637404804756
V3_3_43_T2	0.030490637438632173	0.008588375737831926	-0.04756454445020982
V3_3_44_T1	0.013369848106457275	-0.04189656353172694	0.0331511690917044
V3_3_44_T2	0.04932666181331814	0.011017179251353284	0.01459329619857229
V3_3_45_T1	0.005727214809510123	-0.04554891872528452	0.019455039818751043
V3_3_45_T2	0.04659271356580909	0.00809074456993521	0.030554580857275127
V3_5_11_T1	-0.08263059860496343	-0.03948748502398735	0.07156563507725433
V3_5_11_T2	-0.012553770345870796	0.006474505022758298	-0.01650674996379572
V3_5_12_T1	-0.05959805508272131	-0.03940902938862034	0.08662217751059188
V3_5_12_T2	0.0004021836834229175	-0.05660462266379072	0.02335420209678483
V3_5_13_T1	-0.0796338626004276	0.0366542427859318	0.0408472020552468
V3_5_13_T2	-0.05575674282428151	-0.005099912069654951	0.04542686326224727
V3_5_14_T1	-0.08091794943661415	0.005124653269645081	0.04389467869045484
V3_5_14_T2	-0.07285571512335445	-0.05402664092398461	0.019002893756203666
V3_5_15_T1	-0.050549288614958644	0.028957468667314506	-0.0022106629212194184
V3_5_15_T2	-0.062499943858137494	0.040703871356250386	0.031728954780240126
V3_5_21_T1	-0.0804602703019686	-0.03619980997102956	0.07855162581571183
V3_5_21_T2	-0.007034692609686366	0.017690983591060423	-0.03333578732922481
V3_5_22_T1	-0.028525006690627807	-0.04074140478166225	0.04661190510992425
V3_5_22_T2	-0.023691955204901367	-0.007091502544939546	-0.009263517449324545
V3_5_23_T1	-0.07534482577673661	0.029306326857436768	0.0729593489775136
V3_5_23_T2	-0.04268344511933434	-0.023810797173790914	-0.009261312920538589
V3_5_24_T1	-0.08992278487042932	-0.020363003607734836	0.10654193395486831
V3_5_24_T2	-0.029535180484083566	-0.03878941482490273	-0.0491076507490678
V3_5_25_T1	-0.06471982761473578	-0.02937811606620808	0.0708880999371741
V3_5_25_T2	-0.016801285257273656	-0.03489040487959969	-0.08912511330496778
V3_5_31_T2	0.021099469067471236	0.012108924570565751	-0.0466221423537611
V3_5_32_T1	-0.020268144712991487	0.03516205245467015	-0.012066600092990027
V3_5_32_T2	0.008435812644692809	-0.022928725762860334	-0.047457568429999555
V3_5_33_T1	-0.04994769096523272	0.054769221271352975	0.0620223027579933
V3_5_33_T2	0.021172816412075652	0.002912591839382665	-0.06992164898127293
V3_5_34_T1	-0.10361344044354552	0.058808678910409695	0.06978893143724897
V3_5_34_T2	0.06134313966617621	-0.02272457987982523	0.006813032862793894
V3_5_35_T1	-0.04964738818817669	0.0031193279402562113	0.04266676362514001
V3_5_35_T2	0.01785762485110122	-0.03335188578621204	-0.03381906066357446
V3_5_41_T1	0.012866770416730445	-0.05217791670347995	0.029621923695433452
V3_5_41_T2	-0.00554907662633629	-0.008241587424144204	-0.061156789929417456
V3_5_42_T1	0.013044449732748226	-0.05487575864271888	-0.0054464033043153184
V3_5_42_T2	-0.016627406469188522	0.02684147177634031	-0.026764728206878675
V3_5_43_T1	0.004285205688152439	-0.05801903188778743	0.02681669933754474
V3_5_43_T2	-0.011494596011613076	0.026479856373011798	-0.027258346114001922
V3_5_44_T1	-0.07935509714728535	-0.044780574065670084	0.06408418621699254
V3_5_44_T2	-0.037635241214320096	0.015792861797068743	-0.04826716934864296
V3_5_45_T1	-0.04784183942151381	-0.04958142184039243	0.01081504789454745
V3_5_45_T2	-0.029379250960999997	-0.070281683261415	-0.03547590887402811
