samples	PC1	PC2	PC3
139428.14341.S1	0.019185029464245	0.0345463841279894	0.0859748340737225
139428.14341.S10	-0.0286791295576657	-0.0223889818450597	0.00197999141091165
139428.14341.S100	-0.0609151148613168	-0.0403160913242051	0.0180998791984909
139428.14341.S101	-0.0881314146885401	0.00451136943370817	0.0619656156737448
139428.14341.S102	-0.0732333620542933	-0.0511144215999187	0.03819303432662
139428.14341.S103	-0.0721782746035208	0.0216021083483239	0.0660629982490059
139428.14341.S104	-0.0712267209861055	-0.0467311287080106	-0.00708301182502539
139428.14341.S105	-0.0267170979800038	-0.0291399160072518	0.00536372266392151
139428.14341.S106	-0.0264029403169085	-0.0587063124290689	0.00911937591190633
139428.14341.S107	-0.0539650770986453	-0.0155944702444236	0.00974693904901273
139428.14341.S108	-0.0164639565607236	-0.053738980244584	-0.00702625349139026
139428.14341.S109	-0.0508407467114551	-0.0452425980252461	0.0141676167124502
139428.14341.S11	-0.00159439066216121	-0.0207966404220456	0.0551852669481942
139428.14341.S110	0.0128782281288367	-0.0436690300520015	-0.00811695012888633
139428.14341.S111	-0.0569216931203272	-0.025459025429821	0.0561437006518531
139428.14341.S112	0.0173847067641878	-0.0295200462532519	-0.028623388893556
139428.14341.S113	-0.0559613999364731	-0.0203726623178016	0.0475575058942163
139428.14341.S114	-0.0268689872565505	-0.0390453817797028	-0.0319385693873803
139428.14341.S115	-0.0595986782289482	-0.0373164847279844	-0.000377625026746866
139428.14341.S116	0.00634428039596547	-0.0388638056990422	-0.0200820823244383
139428.14341.S117	-0.033932401096439	-0.0439786278976313	0.0125541016799542
139428.14341.S118	0.0236842166106201	-0.0117667886224315	-0.0187179295651721
139428.14341.S119	-0.0612313083189511	-0.0356408783105058	-0.0195955789893284
139428.14341.S12	-0.0268568338346405	0.0326440645362748	0.03414442968008
139428.14341.S120	0.00688895099681394	-0.0144933250343508	-0.0376743664398106
139428.14341.S121	-0.0748105106170848	-0.0272921941891933	0.0461920394925509
139428.14341.S122	-0.0510081307964833	0.00122785578160889	-0.0331704296690154
139428.14341.S123	-0.0813672916635407	-0.0480503530467066	-0.00948104777016504
139428.14341.S124	-0.0257152837757887	-0.00666364896236121	-0.0379112353227195
139428.14341.S127	0.0472381096030129	0.0102915980408953	0.0303298940481437
139428.14341.S128	-0.00255227123411745	-0.0152767832594448	-0.0172235794457958
139428.14341.S129	0.0773441954735842	0.0257280917492684	0.107752574347448
139428.14341.S13	0.00792349112784629	0.0403921403440884	0.0469104646823918
139428.14341.S130	-0.0301518731285678	0.00304901212840686	-0.0213529611120802
139428.14341.S131	0.00684975697228037	0.00766667113140695	0.0223350814331205
139428.14341.S132	-0.035674345943617	-0.0189738394935829	-0.0587565201730134
139428.14341.S133	-0.0100186958433192	-0.0226543858175593	-0.0177788942236457
139428.14341.S134	-0.0395425440973823	-0.00901186653937633	-0.0254021749910782
139428.14341.S135	-0.008729970825471	-0.0139091022379149	-0.0332201733452052
139428.14341.S136	-0.021939950340057	-0.0464858709461453	-0.0235798491509727
139428.14341.S137	0.00492280617436742	-0.00918447348792009	0.0393999572190439
139428.14341.S138	-0.0185966361922111	-0.0367358350394723	-0.0343100115333705
139428.14341.S139	0.0343111721777187	0.0113329485011621	0.0403699117236908
139428.14341.S14	-0.0086784419253884	0.0239017733159247	-0.0407354136687546
139428.14341.S140	-0.0474416360966229	-0.0533811926858639	-0.0532494007398749
139428.14341.S141	-0.0236420593215576	-0.00163188256133428	-0.0314553028900384
139428.14341.S142	-0.0576001136898224	-0.0344093839019035	-0.0383984647379012
139428.14341.S143	-0.0197355833216426	-0.0266043554580196	-0.00592528831361974
139428.14341.S144	-0.0600765715589298	-0.00326005977105254	-0.0498292104431621
139428.14341.S145	-0.0606970662967576	-0.0069418244936482	-0.0849821344236835
139428.14341.S146	-0.0809926306291036	-0.0462745176611363	-0.112130356852064
139428.14341.S147	0.0174151188134003	-0.00804866855415424	0.0193870035885649
139428.14341.S148	-0.0222201515460265	-0.0374100353584941	-0.0420145712065671
139428.14341.S149	-0.0132459895696476	-0.00843417362455393	0.0297764813251076
139428.14341.S15	-0.0359832750655635	0.0188288691956232	0.0277425466512992
139428.14341.S150	-0.031148151513052	-0.0468082056129227	-0.0344690361103354
139428.14341.S151	0.0160060268552668	0.00666251550061981	0.0216386113794725
139428.14341.S152	-0.0425322361307981	-0.0195647603341941	-0.0117330005403145
139428.14341.S153	0.0586088296464502	0.00184729269946849	0.0553329171548628
139428.14341.S154	-0.0360559849293203	-0.0435682003578699	-0.0560491477074971
139428.14341.S155	0.0269271117068863	-0.0140044882231176	0.016013874864873
139428.14341.S156	-0.014038524857801	-0.0426815745784935	-0.0300554210903903
139428.14341.S157	0.0394838197412594	0.00491273286011516	0.0205392626354551
139428.14341.S158	-0.0197349981156037	-0.00492663865433406	-0.0358831248027876
139428.14341.S159	0.0214252265365974	-0.0167616477058939	0.00282441693469701
139428.14341.S16	-0.0146987073694748	0.00807570208632926	-0.0156929207463862
139428.14341.S160	-0.000597105831039101	0.00634155383669235	-0.00303078973715955
139428.14341.S161	0.000614487689334033	-0.025493936274439	0.0222747147751374
139428.14341.S162	0.00471760730774047	-0.0290094912044757	-0.0216314395449505
139428.14341.S163	0.0318424089650193	-0.0274968812723144	0.00498514668549676
139428.14341.S164	0.000887293851062145	-0.0195302833499815	-0.0229433392660865
139428.14341.S165	0.0168251415845648	-0.0154227856867607	0.0131671515669855
139428.14341.S166	-0.011488266999798	-0.0116904062222892	-0.0678302482221152
139428.14341.S169	0.0265613391116504	-0.0262185172832135	0.0208920611092643
139428.14341.S17	-0.0182872252305801	-0.00316199844904671	0.0110185654104273
139428.14341.S170	0.019550817817084	-0.00882670853354022	-0.00368790404056148
139428.14341.S171	-0.0335869437251133	-0.028592981244564	0.0384718181933831
139428.14341.S172	-0.0342314870617916	-0.0290653057287607	-0.0126908516929728
139428.14341.S173	-0.0401052305084221	-0.0297562803050559	0.00852931022889148
139428.14341.S174	-0.0111480462170754	-0.0383232618321052	-0.0551911535711538
139428.14341.S175	-0.0370601234073109	-0.0402398071028863	-0.00695856257551728
139428.14341.S176	-0.0384416918188459	-0.0233051264016525	-0.0175519987486068
139428.14341.S177	-0.0244528907923111	-0.0337229679795623	0.0169591776767253
139428.14341.S178	-0.0342726416806289	0.0347804734946592	0.00189145654973196
139428.14341.S179	0.0557520060313615	-0.0313864067520299	0.044332094702092
139428.14341.S18	-0.0274185475794821	0.0372658519175826	-0.0247930541049362
139428.14341.S180	0.073033950685714	-0.0162383309265267	0.0207508198171579
139428.14341.S181	0.00436347900269767	-0.0228970763278517	-0.0566801178505456
139428.14341.S182	0.0478189970942727	-0.0160037907484011	0.0314291795293548
139428.14341.S183	-0.0187421122292511	-0.0394731294940891	-0.00885151978711397
139428.14341.S184	-0.0116032482812128	-0.00157104188518792	0.0107306726305704
139428.14341.S185	-0.0402825836297491	-0.0399477675017391	0.00354049485566652
139428.14341.S186	-0.0372547378711987	-0.0143837540898991	-0.0415292268776027
139428.14341.S187	-0.0362453404742057	-0.0368841154589363	0.000331889483494664
139428.14341.S188	-0.0299735276079376	-0.0222929436178401	-0.0389517642975389
139428.14341.S189	0.0241128762355392	-0.0267636420183718	-0.0464163202506071
139428.14341.S19	-0.00111839261728555	0.0166989312018276	-0.0219852534450973
139428.14341.S190	0.0637400386601885	-0.00997427412933024	0.0169363333576527
139428.14341.S191	0.0243021714323113	-0.0286975747783874	0.00552567878062269
139428.14341.S192	0.0548808702642609	-0.0129367347723138	-0.000493266754392013
139428.14341.S193	0.034979217742692	-0.0309439321332558	-0.0350341890950633
139428.14341.S194	0.0283067806195671	-0.0129953302032723	-0.0506745345261969
139428.14341.S195	0.00219300269361201	-0.0400268334660464	-0.0343532538948383
139428.14341.S196	0.0200524047726287	0.0101253903215737	-0.00890059076448973
139428.14341.S197	-0.0231809422690527	-0.00559449333283344	0.0389114265966908
139428.14341.S198	0.0198812306658139	-0.00279053117812554	-0.00645012285371581
139428.14341.S199	0.0165448826124014	-0.0407271984455575	-0.0323060362720689
139428.14341.S2	-0.00868237084566128	-0.023519084921722	-0.0135434027843853
139428.14341.S20	-0.0399449881580981	0.044219311674161	-0.0303943248617336
139428.14341.S200	0.0413075017561393	-0.0185918317997695	-0.0429338797476604
139428.14341.S201	0.0159294999649722	-0.0336655504900765	-0.0461059675604229
139428.14341.S202	0.0545341313507626	-0.00945250325085656	0.0056318683672632
139428.14341.S203	-0.0130499139734875	-0.0460339560435712	-0.0249244567627269
139428.14341.S204	-0.0150998809586196	-0.0284209283045087	-0.047962497371031
139428.14341.S205	0.0620949859852965	-0.0315069797376197	-0.0034838491612905
139428.14341.S206	0.0079541776267779	-0.0073737836419741	-0.0117054276259019
139428.14341.S207	0.0537013489867926	-0.00956602145506772	-0.00223282070786337
139428.14341.S208	0.00106868052912249	-0.0134649831080184	-0.0348137338169576
139428.14341.S21	0.0103779587225789	0.00268652200379156	-0.013234751039804
139428.14341.S211	0.0182046386767867	-0.0196929252058644	-0.0176482207901418
139428.14341.S212	0.0193558570073397	0.00356495474701156	-0.0194123778412853
139428.14341.S213	0.0130503192382046	-0.0155677115554171	-0.0118558569356727
139428.14341.S214	0.00402593648724033	-0.0033406235089214	0.0274389248916886
139428.14341.S215	0.000206984676455226	-0.00277172692243474	0.0373435123103296
139428.14341.S216	0.0335968207117203	0.0083335091831258	-0.0045368838519388
139428.14341.S217	-0.00567165554734557	0.00617684174195436	0.0298164697054592
139428.14341.S218	0.0465485622847721	0.00926020204693156	-0.0171732117008953
139428.14341.S219	-0.0032198517646967	0.0161554290935832	-0.0149247598325732
139428.14341.S22	0.00105830309563832	0.0179556478521581	-0.032334916127855
139428.14341.S220	0.0359307228667959	0.00863913790432015	-0.0322568385912197
139428.14341.S221	0.00960827134341094	-0.0107470476239074	0.00388389875510591
139428.14341.S222	0.00298324781037926	-0.00972600901204393	-0.0439126788155392
139428.14341.S223	0.0214082267375487	-0.0165434449098478	-0.00537260301702222
139428.14341.S224	0.0333760571737061	0.0156652191986009	0.00698438598857385
139428.14341.S225	-0.0188939676705606	-0.0189525483595537	0.00490824901039956
139428.14341.S226	0.0255649435780153	-0.00649883094756126	-0.00556889258773641
139428.14341.S227	-0.0331816602369656	0.0107279341146555	0.00166110409811523
139428.14341.S228	0.0118847601094609	0.00322217675983126	-0.0149034801310755
139428.14341.S229	-0.0450794664127644	-0.00547160933699225	-0.0105192434037564
139428.14341.S23	-0.0103350315515784	-0.0274257562466069	0.0145921654407215
139428.14341.S230	-0.0255830063356312	0.0111808090027449	-0.0161723672104446
139428.14341.S231	0.0152335473517913	-0.00586688701483014	-0.0170993747809772
139428.14341.S232	-0.0183595380285524	-0.0167282732705627	-0.0430334410590719
139428.14341.S233	0.0389384359108017	-0.00303510505933558	-0.0145356407583688
139428.14341.S234	0.00229872737765602	-0.0281996813534882	-0.0165211857591789
139428.14341.S235	0.0379074870267125	0.0220326687148436	-0.00515764359187198
139428.14341.S236	-0.000675986995293333	-0.0485580374595861	-0.0496872577920022
139428.14341.S237	0.0408127858738647	0.0119502651327003	0.0204214786276673
139428.14341.S238	0.010402971734291	-0.0271996955786806	-0.0393798154758788
139428.14341.S239	0.0332483345584255	0.0242013018332	0.012736881357625
139428.14341.S24	-8.61969829811123e-05	-0.0129038901650779	0.00934536933786698
139428.14341.S240	0.000559323458182529	-0.0253870831853845	-0.0187980614241951
139428.14341.S241	0.024970125512566	0.0326070674189716	-0.0274582053701261
139428.14341.S242	0.0225408179783431	-0.0165083540229874	-0.0303530566502236
139428.14341.S243	0.0542216534134995	0.0153788839835508	0.0369325063589419
139428.14341.S244	0.0391716637317477	-0.00531398933207541	0.0156253666221731
139428.14341.S245	0.0563661513614214	0.028012998965942	0.05437898652438
139428.14341.S246	0.0492312081873285	-0.00271858117675032	0.0163966297507837
139428.14341.S247	0.0574524182924182	0.00788501887247981	0.023348089411766
139428.14341.S248	0.0725274220376813	0.00895770489615739	0.0136800737069828
139428.14341.S249	-0.0015117478415718	0.00368317329335346	-0.00114296468569305
139428.14341.S25	0.0065617010249172	0.0166025321250038	0.01227073452327
139428.14341.S250	0.0559354463675637	0.00212192614096479	-0.0015746866118766
139428.14341.S253	0.0582435226752986	-0.0342573633528671	0.043175085699024
139428.14341.S254	0.0556957998444187	-0.0311327399122605	-0.0280888273579456
139428.14341.S255	-0.00375159217973296	-0.0199719170860507	-0.00511728966239647
139428.14341.S256	0.043088471290842	-0.0279517778226273	-0.00871669330655575
139428.14341.S257	-0.0135002905373431	-0.0296485486324459	-0.0435697214825637
139428.14341.S258	0.0292541005662311	-0.070139107849031	-0.0411510506504133
139428.14341.S259	-0.0368626940553187	-0.0432829671165595	-0.0518176970966277
139428.14341.S26	0.0169010286204637	0.0122575503798155	0.0106306059875197
139428.14341.S260	0.0295274766998038	-0.0552282799078576	0.0094207601867819
139428.14341.S261	-0.0327452476537144	-0.0583522651083239	-0.048117660163595
139428.14341.S262	-0.0239908439961025	-0.065341642786259	-0.0206068062286925
139428.14341.S263	0.0511873690157686	-0.0317259181717324	0.0216269281927415
139428.14341.S264	0.074072384120189	-0.0469763488731199	0.0123509308132499
139428.14341.S265	0.050335310466448	-0.0360832046489503	-0.0321877140418754
139428.14341.S266	0.0578960887433269	-0.0222943420348546	-0.0171118991978173
139428.14341.S267	0.0296285705986418	-0.0654301687266355	-0.00673890685668095
139428.14341.S268	0.0367545455974291	-0.0552330857199163	-0.00352743537731329
139428.14341.S269	-0.0198946170097312	-0.0581790286257346	-0.0416687454578198
139428.14341.S27	-0.0173753558189428	0.00361761765322422	-0.0196752732381774
139428.14341.S270	-0.00182957143907925	-0.0423996967476351	0.0013350986304819
139428.14341.S271	-0.0360547170545945	-0.0597554138672099	-0.0320120177027025
139428.14341.S272	0.0166374230598574	-0.0393991304794332	-0.0320894691098814
139428.14341.S273	0.0364815612864562	-0.0504537324899344	-0.0380356414986518
139428.14341.S274	0.0464983725525857	-0.0496413075653248	-0.0352464351711395
139428.14341.S275	0.0218464342865998	-0.0463997699889416	-0.0628129129808861
139428.14341.S276	0.0601769422848746	-0.0252117994364019	-0.0242669187992246
139428.14341.S277	0.0436668348769072	-0.04536291954082	-0.0150815074589626
139428.14341.S278	0.0294792091779236	-0.0307549418084814	-0.03874662619989
139428.14341.S279	-0.0143862962704201	-0.058487527429051	-0.0210977139566723
139428.14341.S28	-0.0191680457546651	0.00663084125745165	0.030712677561082
139428.14341.S280	0.0289578702670814	-0.0375079092354411	-0.0122455658783699
139428.14341.S281	0.0119038141923212	-0.0484215400932285	-0.0254135712073687
139428.14341.S282	0.0431984514158741	-0.0221828031824954	-0.011204394110952
139428.14341.S283	0.0141817672427946	-0.0528342057675254	-0.0484623856879939
139428.14341.S284	0.0491867744425213	-0.0262556763262679	-0.041046753297034
139428.14341.S285	-0.00220716229293556	-0.0239250704348013	0.00833812848409254
139428.14341.S286	0.0315868270566351	-0.0472045511040769	-0.0166403963753593
139428.14341.S287	0.00643025809053125	-0.0635298085189668	-0.0167805259562113
139428.14341.S288	0.0729649960083638	-0.0256538302320407	0.0142967388107325
139428.14341.S289	-0.00229831153030469	-0.032566199864712	-0.00668288294192894
139428.14341.S29	-0.0196330992121061	-0.00450893309165264	0.00780425223911134
139428.14341.S290	0.05462980041419	-0.0497949495128813	-0.046399594337001
139428.14341.S291	-0.0272696619724288	-0.0511133060230151	-0.0610295952464462
139428.14341.S292	0.0305594377546069	-0.00370886763901425	-0.0637425169880557
139428.14341.S295	-0.000820661256142995	-0.0192278712321753	-0.0681886051251259
139428.14341.S296	0.0551344205720138	-0.0195011156773313	-0.0249482542015098
139428.14341.S297	0.022462134106346	-0.01257825266075	0.01204748035784
139428.14341.S298	0.0419119125220462	-0.000345119450631849	-0.0437134661748574
139428.14341.S299	0.0625412120061775	-0.0129466621617281	-0.0288030196574169
139428.14341.S3	-0.00270485075746546	0.0379805218107229	0.0742088293988838
139428.14341.S30	-0.0275304910867171	0.0147211656153114	-0.0193748571135789
139428.14341.S300	-0.00584712877628053	-0.0338428686607124	-0.0752094167038819
139428.14341.S301	0.0293014006350007	-0.00463821777144932	-0.0736995078089212
139428.14341.S302	0.0076131957312828	0.00945531652090317	-0.0442589341044537
139428.14341.S303	-0.0140815064879968	0.0126548230289128	-0.0244586369487354
139428.14341.S304	-0.00655627232405251	-0.00421705145230914	-0.0349440801369014
139428.14341.S305	0.0319668414025061	-0.0112667453730908	0.0323194184854248
139428.14341.S306	0.0784701481662413	0.00404496488462225	0.0213072867733847
139428.14341.S307	0.022967860038541	-0.00858316577062701	-0.00206051481289979
139428.14341.S308	0.0708716409482952	0.0298489434091048	0.0347795702596103
139428.14341.S309	0.0671592410176099	0.0134324800922861	-0.0178310909442112
139428.14341.S31	-0.00236591206673378	0.0278256913677569	-0.0157271604860193
139428.14341.S310	0.0347710422907401	0.0265616583242792	-0.0320716895058841
139428.14341.S311	0.0813252125455406	0.00422351125352257	-0.00181736770100039
139428.14341.S312	0.00593158728031334	0.0152282152028963	-0.0382908912477217
139428.14341.S313	0.0295722947078989	0.0133918028573282	-0.0404536008271143
139428.14341.S314	-0.0375416678351841	0.0376618142277502	-0.0612306172557274
139428.14341.S315	0.0748944606123345	0.0214646562032157	0.0340059471037134
139428.14341.S316	0.0399428110640465	0.00256943019200344	-0.0850473555854068
139428.14341.S317	0.0563475585583853	0.00688744619250067	-0.0493542569991261
139428.14341.S318	0.0396358109367753	0.0258108806089325	-0.0483030204189375
139428.14341.S319	0.0576942268452356	-0.000661987732685158	-0.0650742472469565
139428.14341.S32	0.0368357253255585	0.052065457641224	0.0309738454072563
139428.14341.S320	0.0205303156346452	0.0524057115383925	-0.0181440068146672
139428.14341.S321	0.0772694027691439	0.0249704556962566	0.0268025499874937
139428.14341.S322	0.0588111256002522	0.0420307252977744	0.00118444005795446
139428.14341.S323	0.0611909572595514	0.0207660195345911	-0.00326137039129127
139428.14341.S324	0.0166457021599038	0.0453500432976612	-0.0247392547903627
139428.14341.S325	0.0765303262125572	0.00880576249275263	0.0171047992524745
139428.14341.S326	0.0635722811360687	0.0168995200786961	-0.02844421137122
139428.14341.S327	0.0587907346635004	0.000917741197978274	-0.0272004442398326
139428.14341.S328	0.0288917340885978	0.0298603659542597	-0.0580231724139428
139428.14341.S329	0.0763034222493948	0.0220041979482095	-0.0145902509511279
139428.14341.S33	-0.0171380373001524	0.0399224244455205	-0.00296508163687098
139428.14341.S330	0.0417751397103441	0.0306335818715556	-0.0440078543061488
139428.14341.S331	0.0510392645354877	0.0168225814708774	-0.0347034926312474
139428.14341.S332	0.0739865007085489	0.0365338919874345	0.0385695260944683
139428.14341.S333	0.0206603362779101	0.00222237754912963	-0.0656742219135378
139428.14341.S334	0.0586482059184694	0.0371871217270071	0.0259634965242618
139428.14341.S337	0.0641166520007681	0.00776542217266835	0.019837736335361
139428.14341.S338	0.0385154512519174	0.0309312477327403	-0.0317611108482461
139428.14341.S339	0.0588417624522133	-0.00326885298631212	-0.0163662550194939
139428.14341.S34	-0.00381084438524794	0.0263757806364712	-0.0166444234854663
139428.14341.S340	-0.00349867137740545	0.0365311935957906	-0.0378359815198404
139428.14341.S341	0.0658397292860455	-0.0113974477045933	-0.0129473068817229
139428.14341.S342	0.0215819896838163	0.0226393736772835	-0.0634735961833633
139428.14341.S343	0.04017638165682	-0.0131232241015406	-0.0406142303581409
139428.14341.S344	0.0594562795475377	0.0360275497436319	0.000967886735359779
139428.14341.S345	0.0132591526568604	-0.00350107327118973	-0.0477464684806131
139428.14341.S346	0.0264650014448192	0.0333071739655193	-0.0679069545978097
139428.14341.S347	0.0744165135218197	0.00489863160533129	0.00660977047494036
139428.14341.S348	0.0280512221707738	0.0185553275156129	-0.0199978109791281
139428.14341.S349	0.0447176656921211	-0.00332973545507793	-0.0312047793808694
139428.14341.S35	-0.0211279965871149	0.00565970816620396	-0.00266643256807633
139428.14341.S350	0.0207126209373592	0.0420846446189041	-0.0219770028486894
139428.14341.S351	0.0511562741379013	-0.0190628684602703	-0.0268029762318773
139428.14341.S352	0.0334668389662274	0.0527950630035959	0.0253256454337157
139428.14341.S353	0.011765391641503	0.0137709157471294	-0.0112550268070513
139428.14341.S354	0.0184905881386178	0.0217169902228476	-0.0397597650261855
139428.14341.S355	-0.00150724270982732	-0.0318011642267676	-0.0507052302957977
139428.14341.S356	0.0236730771988902	0.0131860168655838	-0.0170345095560836
139428.14341.S357	0.0337322279291073	-0.0317747316293529	-0.0178436191031891
139428.14341.S358	0.0447046860010082	0.0116599150640947	-0.0611529924215581
139428.14341.S359	0.0875215625061088	-0.0183201657649226	0.0216996051875786
139428.14341.S36	0.0458092797539502	0.0129347707745082	0.0473590570614461
139428.14341.S360	0.033482973725447	0.0197994440653137	-0.00446248222107229
139428.14341.S361	0.0899036026135297	-0.00678726359787302	0.0456542171259411
139428.14341.S362	0.0504409546548938	0.0208484573068036	-0.0194356832262808
139428.14341.S363	0.101932324091588	0.00860041841997767	0.0679287174102046
139428.14341.S364	0.0464763836311563	0.0484031824435886	-0.0202503477085328
139428.14341.S365	0.106557067221755	0.0218039123404371	0.0909360806656259
139428.14341.S366	0.050917842420133	0.0385961431728573	-0.024572396401052
139428.14341.S367	0.0827343741600697	-0.00998531676913837	-0.0222137673283317
139428.14341.S368	0.0114196300269778	0.0687541179799992	-0.0269109922761297
139428.14341.S369	0.0429833272694932	-0.00216084372418442	-0.0254522311532115
139428.14341.S37	-0.00702246276778021	0.0193781190215012	0.00773337696935911
139428.14341.S370	0.0207833716301099	0.0621161887516367	-0.0282079633762791
139428.14341.S371	0.0741390738378542	-0.00309189977026976	-0.022556813176724
139428.14341.S372	0.0145803181478632	0.0649708039046045	-0.0122813273362921
139428.14341.S373	0.00343708220025736	0.0166858676157066	-0.0634556932189845
139428.14341.S374	0.023174350736249	0.0832797835858824	-0.0228543621746948
139428.14341.S375	-0.0197576241495205	-0.0208402957383828	-0.0898207571438613
139428.14341.S376	0.0124947458584633	0.0308670948997273	-0.0542920483301349
139428.14341.S379	0.0113876186991969	0.0481170471944851	-0.0773777619860144
139428.14341.S38	0.045048787975427	0.0222137071035667	0.0299823673936064
139428.14341.S380	-0.00819375549085213	0.0653671644320453	-0.053825841186759
139428.14341.S381	-0.00856843904325129	0.0642463765620338	-0.0334169229052694
139428.14341.S382	-0.00663690458681975	0.0898998212711635	-0.0323640798472283
139428.14341.S383	-0.0159387726837967	0.0790082461095201	-0.0357417784630244
139428.14341.S384	-0.037171532621977	0.0780969180377375	-0.0568355517043182
139428.14341.S385	-0.0453552295541544	0.104977953651838	-0.0322286630262657
139428.14341.S386	-0.0462625809221474	0.0940506073178055	0.0103686967412668
139428.14341.S387	-0.0618587880951477	0.0885353883529352	-0.0253054582371764
139428.14341.S388	-0.0411085700801196	0.0753198173954311	-0.0297163371990945
139428.14341.S389	-0.00557026953506342	0.0774294493979067	-0.0443930119168866
139428.14341.S39	-0.0365970752757114	0.0294692035024056	0.0139812882054117
139428.14341.S390	0.00768266310698092	0.0622090768331332	-0.0388635634213391
139428.14341.S391	-0.00909492115242734	0.0844444592916524	-0.0368044254001783
139428.14341.S392	-0.028368879361806	0.0800975631624176	-0.0372897124051744
139428.14341.S393	-0.0390793776852469	0.0995443894453406	-0.0138179504229423
139428.14341.S394	-0.0217556429605438	0.0653610890599903	-0.0240921678473876
139428.14341.S395	-0.0438718673810121	0.0944039812247482	-0.0175602373085172
139428.14341.S396	-0.042242485131369	0.0721103401100368	-0.0253927344212922
139428.14341.S397	-0.0438758268387799	0.108231819118251	-0.0195039827553373
139428.14341.S398	-0.0242264296337557	0.0394903008381909	-0.0502503671125121
139428.14341.S399	-0.0132017636236781	0.10281375211518	0.033324349607504
139428.14341.S4	-0.03757102104362	-0.0257925947675346	-0.0197518699996292
139428.14341.S40	0.0149967640129168	0.0104898009968776	-0.0114257313521598
139428.14341.S400	0.0189596977413035	0.0568111734435555	-0.0060949845739
139428.14341.S401	-0.0198940238853065	0.0936885405240026	-0.016333944314121
139428.14341.S402	0.00457172215248642	0.044236416503474	-0.0290654296076294
139428.14341.S403	-0.00311378404781032	0.1022193758989	0.00467078919823246
139428.14341.S404	0.00540890923177317	0.0612699752045439	-0.00808827040167079
139428.14341.S405	-0.00152761743459097	0.103081792573999	-0.00888836308986183
139428.14341.S406	0.00853487014013913	0.0539220585282335	-0.00467112980992134
139428.14341.S407	-0.0313276532509307	0.105711984549351	0.0113986194750812
139428.14341.S408	-0.00620807897577061	0.0671331307233843	-0.000805338909826014
139428.14341.S409	-0.0269770413492161	0.132359144073691	0.0569025801468937
139428.14341.S410	0.0211273651677453	0.0490413111289461	-0.00257241896838542
139428.14341.S411	0.00718539268968014	0.115609475834818	0.0256670422369804
139428.14341.S412	0.0220007512286974	0.0599748359492045	-0.00414980251198845
139428.14341.S413	-0.0131065035807527	0.127829413605113	0.0222104792763618
139428.14341.S414	0.00974372775079788	0.032770848608791	-0.0209868810949019
139428.14341.S415	-0.0224657937313969	0.113234774496456	0.00321545392550773
139428.14341.S416	0.00767778835824836	0.0499866926934908	-0.0231829401982986
139428.14341.S417	-0.014987121098828	0.101703192225795	-0.0189668128044278
139428.14341.S418	-0.000633422749235688	0.0609638860249357	-0.0483530651188959
139428.14341.S421	0.00428901063592666	0.0979019212463025	0.0488203870960312
139428.14341.S422	0.0185956598356945	0.0741299573565664	-0.00404033687184963
139428.14341.S423	-0.00526665240184208	0.0999443338605095	0.0132195424165715
139428.14341.S424	-0.00188597569509904	0.0572964737228023	0.00943997998315505
139428.14341.S425	0.0101720184556505	0.0881190421307496	0.0133187597697474
139428.14341.S426	0.00681153901126719	0.0190872656467375	-0.0333517033549415
139428.14341.S427	-0.00643728827953718	0.0843840844047762	0.0265258919150443
139428.14341.S428	-0.010497296774599	0.005430563898407	-0.0462788097882662
139428.14341.S429	-0.0143133267705931	0.0901947526377031	0.00130064185751313
139428.14341.S43	0.0185947593332774	-0.0277724184239087	-0.0213959459240102
139428.14341.S430	-0.0434515306678768	0.0356207785059479	-0.0581391079762934
139428.14341.S431	0.0469578877039944	0.114984295180243	0.0930559374637644
139428.14341.S432	0.0457643098569919	0.0726536752417732	0.035519382772598
139428.14341.S433	0.000736690713071158	0.0707679810682314	-0.00948251369502687
139428.14341.S434	-0.00216549047864996	0.0419946666291707	0.0573303717732566
139428.14341.S435	-0.00151964721519711	0.113723669471471	0.0390570324061584
139428.14341.S436	-0.0104846771118973	0.0374303048287879	0.000278181081764912
139428.14341.S437	0.00912390105952371	0.0897439396485536	-0.00656626017146675
139428.14341.S438	-0.00801883321423586	0.0173639173502178	-0.0722803381761063
139428.14341.S439	-0.00644774345126787	0.109171107953105	0.0434104068005729
139428.14341.S44	0.0414476145217898	0.0044171841867591	0.0088751484900982
139428.14341.S440	-0.0362454907361341	0.0105434128256223	-0.0253364565717174
139428.14341.S441	0.0204416772225104	0.109306431136376	0.0142305693424466
139428.14341.S442	0.0260261291824797	0.0148916537288085	-0.0379779103288436
139428.14341.S443	0.019698017371103	0.114222827579977	0.0126444828417035
139428.14341.S444	0.0252789452740826	0.0145053647262188	-0.0501616908799157
139428.14341.S445	0.0153422275045393	0.123811408612646	0.0356550439843419
139428.14341.S446	0.00654172917820968	-0.00482900646856096	-0.080890584682409
139428.14341.S447	0.0178507678662332	0.12684519336658	0.0299077562531424
139428.14341.S448	0.0105943639955068	-0.0127532594038883	-0.0697499166084684
139428.14341.S449	0.0231667151623351	0.105680382429473	0.0160833471245454
139428.14341.S45	0.051472223003637	0.000191628050240295	0.01445824908745
139428.14341.S450	0.0393165118792787	0.0155583351146207	-0.0894646334216089
139428.14341.S451	0.028896334240156	0.104262624254508	0.0198064274769925
139428.14341.S452	0.0357432697902498	0.00761731070478664	-0.0853952202917159
139428.14341.S453	-0.0134476088094873	0.0760665320265288	-0.0352290073687016
139428.14341.S454	0.035018541216178	0.0177649930952336	-0.0520084593809943
139428.14341.S455	0.0179544603255457	0.107780277151989	0.0310697886211611
139428.14341.S456	0.0326732254134628	-0.0113465204907015	-0.0675755326377788
139428.14341.S457	0.0143354708694107	0.0572937935215933	0.00664607996259125
139428.14341.S458	0.0325543532688552	-0.00754067537925078	-0.0333543802941028
139428.14341.S459	-0.0231172118030859	0.0677834552291597	-0.00850091647886488
139428.14341.S46	0.0609470977727724	-0.0216004042137986	0.0904129992548403
139428.14341.S460	0.00322012217194343	0.00795348150259594	-0.0515531254570047
139428.14341.S463	-0.0380593678999936	0.0225034117902512	-0.0627895914942305
139428.14341.S464	-0.0328316480767061	-0.00484082246346784	-0.016215977071104
139428.14341.S465	-0.019069435302527	0.0449066637978264	-0.0776926446230808
139428.14341.S466	-0.0137976979762476	-0.00528577698048256	-0.0209333004693365
139428.14341.S467	-0.0255053771992434	0.0531543296996499	-0.0429818962085978
139428.14341.S468	-0.0111435122259995	0.0129982837748493	-0.0347136990960412
139428.14341.S469	-0.00563755629538528	0.0412100038367319	-0.0265326078261853
139428.14341.S47	0.04296646541081	-0.0254636045401195	-0.00322928250927372
139428.14341.S470	0.0278771216916822	0.0179737012107055	-0.0211917175363729
139428.14341.S471	0.0058224482174624	0.0249500556466778	-0.0390271881023695
139428.14341.S472	-0.0138609042688476	0.0158835533387147	-0.00861341401124987
139428.14341.S473	-0.0355552987084736	0.0559091431669195	-0.0334785219347209
139428.14341.S474	-0.0112963514376124	0.00581640138686086	-0.0192910724496615
139428.14341.S475	-0.00130212117475396	0.014032580203651	-0.0361541289927551
139428.14341.S476	0.0314012596905553	-0.00971692701920891	-0.0368574103894598
139428.14341.S477	0.0108818965276977	0.0245801723951962	-0.0535624085593759
139428.14341.S478	0.0183742828993509	-0.00186654231788799	-0.0649828260219902
139428.14341.S479	0.0183944725101612	0.0482373573537486	-0.0687126563006718
139428.14341.S48	0.0593151849441016	0.00347567326017327	0.0815742388667267
139428.14341.S480	0.0345732490032238	0.0232662820769832	-0.0461179751248726
139428.14341.S481	0.0263829082761262	0.0516897966170748	-0.034132921380638
139428.14341.S482	0.0118559001150507	0.0125993099322802	-0.0195855399039278
139428.14341.S483	0.0137470884140766	0.000419921125651232	-0.0771739733472619
139428.14341.S484	-0.0286106409591338	0.0535833392055035	-0.0101078070937447
139428.14341.S485	-0.0197107163876732	-0.00227670246317049	-0.0489994844321827
139428.14341.S486	-0.00997697459633474	0.0382043845786064	-0.0407132923268689
139428.14341.S487	-0.0382505357316104	-0.0024244275452887	-0.0142389437244721
139428.14341.S488	0.0230117936123086	0.0366599651902296	-0.0381846461420525
139428.14341.S489	0.025755198942707	-0.00421756713983978	-0.0330004282832247
139428.14341.S49	0.0147722896783159	-0.0210519464981112	3.21876988799383e-05
139428.14341.S490	0.0269018861850028	0.011482344933523	0.0325932191785889
139428.14341.S491	-0.014449898183844	0.00959326099598185	-0.0398550181778425
139428.14341.S493	-0.0308819492693133	-0.0225316414004132	-0.0890224915936486
139428.14341.S494	-0.0658889462939303	0.0207586078858731	-0.00367088887353167
139428.14341.S495	-0.0484593148899952	0.00199264394812328	-0.0660987534988812
139428.14341.S496	-0.0535830898238061	0.0471703291479631	0.0176061527824813
139428.14341.S497	0.000511220965710152	0.00129058268906653	-0.00469498430081727
139428.14341.S498	-0.0389370372672785	0.0227541630747709	0.0279806810401314
139428.14341.S499	-0.00223320234018893	0.0213687841967997	-0.00817546761526982
139428.14341.S5	-0.00933647881745342	0.0186146569708376	-0.0101852344276284
139428.14341.S50	0.0778974170691279	-0.0255474002777963	0.0790363833997942
139428.14341.S500	0.00512256910839187	0.00833965022636971	-0.0185050086728345
139428.14341.S501	-0.00859976455509255	-0.00410465321959856	-0.030046278616674
139428.14341.S504	-0.00515539226814857	0.0120764286137991	0.0413338952523641
139428.14341.S505	-0.00877417647486505	0.0135230604393935	0.0262410661498862
139428.14341.S506	-0.0516023614923293	-0.00609376517942375	0.0413275691077213
139428.14341.S507	-0.0695903443063329	0.00806786409896479	-0.0150143992839702
139428.14341.S508	-0.0488858968084203	-0.0346613492316301	0.0485940974953924
139428.14341.S509	-0.0503147416978428	-0.0190093768735117	-0.0196254378796292
139428.14341.S51	-0.0166720555610102	-0.0433268334930246	0.0118601107114699
139428.14341.S510	-0.0467896728466232	-0.0325848193087182	0.0340861999085651
139428.14341.S511	-0.0587858840084039	1.15184243865344e-05	0.020751144138436
139428.14341.S512	-0.0362172548842941	-0.00557946290711992	0.0343828641556587
139428.14341.S513	-0.0509063974980051	0.0415738146618911	0.0673203638839216
139428.14341.S514	0.0117163234357091	0.00695079050016312	0.0784669904184299
139428.14341.S515	-0.0426784777726816	0.00831882171094427	0.00934406994963732
139428.14341.S516	-0.0179809941337574	-0.0151028642450758	0.0629945663683232
139428.14341.S517	-0.0271737748170172	0.00709309619615639	0.015668971060049
139428.14341.S518	-0.0312651014279826	-0.0298021506506073	0.0637213522501816
139428.14341.S519	-0.054428914766648	-0.00955490219709708	0.000130870947002592
139428.14341.S52	0.0343878279449636	-0.0551869856609114	0.00974643386684579
139428.14341.S520	-0.04345790104427	-0.032941757060865	0.0426504730412758
139428.14341.S521	-0.0397276371917615	0.0330435483594275	0.0501006669021853
139428.14341.S522	-0.0356762425518252	-0.0280991082505543	0.0624583320056519
139428.14341.S523	-0.0243089220815461	0.0430345085226962	0.0458001452862864
139428.14341.S524	0.00225292388384049	-0.0224774320487205	0.0581580027368046
139428.14341.S525	0.0191377459543095	0.0193494937088699	0.00172664873699702
139428.14341.S526	0.00304844735776059	-0.0139002463506929	0.0575498026429649
139428.14341.S527	0.0294916595638818	0.045350122378549	0.0193089554860196
139428.14341.S528	-0.0217901931951169	-0.0238107256447562	0.0318927129034903
139428.14341.S529	0.0207829083637151	0.0363558733058371	0.00270062136129233
139428.14341.S53	0.0322545133382362	-0.0237180364465098	0.0162834707490941
139428.14341.S530	-0.0178627293443503	-0.029883246986221	-0.0103157715934621
139428.14341.S531	0.0148270240232319	0.0215497220886381	-0.0163572663224103
139428.14341.S532	-0.00991604256647801	-0.0341893525369498	0.045067276743355
139428.14341.S533	0.0210235402332483	0.0181330458293453	0.00158620943991057
139428.14341.S534	-0.0269605196711104	0.00319559423444128	0.094196151627363
139428.14341.S535	0.0448777479112269	0.0203036326928168	0.04660989101413
139428.14341.S536	-0.012606769647735	-0.0373477948023796	0.0465936059068588
139428.14341.S537	0.0465548707351354	0.0310703637112467	0.0280619251799843
139428.14341.S538	-0.0114169528949648	-0.0331687088041629	0.0257440691403045
139428.14341.S539	0.0190609526609476	0.0293529196868044	-0.0117590802312196
139428.14341.S54	0.0537378619870342	-0.0500739147963552	0.0605530575687772
139428.14341.S540	-0.0268871053206881	-0.00487283670074534	0.0441915259616607
139428.14341.S541	-0.00131413618851606	-0.0157909870104369	-0.0100241451095448
139428.14341.S542	-0.00670067528866267	-0.00266539060486655	0.131838462133009
139428.14341.S543	-0.033052431177953	-0.00767760729608624	-0.0202623964835316
139428.14341.S546	-0.00341534980447237	-0.00726116674356776	0.0533612323179916
139428.14341.S547	-0.0289576941566083	-0.0124030772643249	0.0385302732430233
139428.14341.S548	-0.0462736845995752	0.00744867263626609	0.0592411985551207
139428.14341.S549	-0.0509169089290676	-0.0331225599035681	0.00168013511932672
139428.14341.S55	0.00794927441412481	-0.0362445410897074	-0.0142045721028898
139428.14341.S550	-0.035992575005134	-0.0126649401359664	0.0199058994722056
139428.14341.S551	-0.0527339749828318	-0.0408388013237939	0.046154526526049
139428.14341.S552	-0.0416131915123051	-0.0383962170029709	0.0472072549299555
139428.14341.S553	-0.0104874466559708	-0.0362859643961984	-0.00294117592230509
139428.14341.S554	-0.0558104112048958	-0.0145536036408522	0.0176825962279661
139428.14341.S555	-0.0567900653415889	-0.0242094735555763	0.0450500031748221
139428.14341.S556	0.0294149321807326	-0.00546794223160594	0.0095663711725515
139428.14341.S557	-0.031138591510738	-0.00143161712954352	-0.0160555164257717
139428.14341.S558	-0.0210305816200302	-0.0330814994507414	0.0198301124578513
139428.14341.S559	-0.0455710314954875	-0.00587212632162119	0.0495375176326365
139428.14341.S56	0.0662741631827393	-0.0258379600994221	0.0799043335942971
139428.14341.S560	-0.0331230017885725	-0.031203830955442	0.0163124474497535
139428.14341.S561	-0.0377364958316882	-0.0376566592638655	0.0267763221439547
139428.14341.S562	-0.0509288568539791	-0.0213827919365847	0.0170423689254146
139428.14341.S563	-0.0111748383815186	-0.0424253275535289	-0.0207562811778179
139428.14341.S564	-0.0522397592343878	-0.00347902405994286	0.0256607716121166
139428.14341.S565	-0.0182648307725158	-0.0249110797206925	-0.0198962938298502
139428.14341.S566	-0.00947812910255444	-0.0640699169667054	-0.00395502225918792
139428.14341.S567	-0.029522080890827	-0.0186930086639505	0.0128353923958917
139428.14341.S568	-0.0403518330693425	-0.051679242860359	0.023270293460276
139428.14341.S569	-0.0213289868975548	-0.0376375712065748	-0.0375924126402373
139428.14341.S57	0.0216535780596446	-0.0564211741748108	0.00084418169795543
139428.14341.S570	-0.0267121885808559	-0.0564070707298328	0.0232224820979792
139428.14341.S571	-0.0176952441737663	-0.03952227170979	-0.0458857922143235
139428.14341.S572	-0.0507164482157979	-0.0620289209039684	0.0146330183214464
139428.14341.S573	-0.0394355910580206	-0.00451813744237278	0.0453028205420623
139428.14341.S574	-0.0544903238580655	-0.0289311568043292	0.021711736018282
139428.14341.S575	-0.0293025541753358	-0.0140215245544564	0.0713952395309718
139428.14341.S576	-0.00835809781270175	-0.0234548290983884	0.040748192986525
139428.14341.S577	-0.0179010724678438	-0.0133895202078102	-0.0118300954625807
139428.14341.S578	-0.0251863031653727	-0.034212642226768	0.0657212501478872
139428.14341.S579	-0.066208478534352	0.000201509529075728	0.0751466172176457
139428.14341.S58	0.0882805191222327	-0.0179901111979828	0.203929917333467
139428.14341.S580	-0.0126955581010546	-0.0470956153133796	0.0106959914353761
139428.14341.S581	-0.0688824009653157	-0.0394272742500487	0.021130100903745
139428.14341.S582	-0.0336872914446041	-0.0384960422171288	-0.0144450378543153
139428.14341.S583	-0.053633045422792	0.000568056391910436	0.112291491635761
139428.14341.S584	-0.0632690939006867	-0.0168647563950042	0.0274515094829327
139428.14341.S585	-0.0455206675764959	-0.0272197385196322	0.0899043046221241
139428.14341.S588	-0.0558241198827739	-0.0350169401707491	-0.000433039041496944
139428.14341.S589	-0.0250637832110723	-0.00649719894928785	0.119230824027023
139428.14341.S59	0.0492406137930262	-0.0390719270188463	0.00824453395512547
139428.14341.S590	-0.00189241631333248	-0.0309084880500603	-0.00260045200097463
139428.14341.S591	0.0314264063743343	-0.00932402299855917	0.0168339159365917
139428.14341.S592	-0.0471626044673455	-0.0389752628159307	0.0196059236860771
139428.14341.S593	0.0453705782515415	-0.0123008603559803	0.0237925669598019
139428.14341.S594	-0.0375257677322591	-0.0512867546498499	-0.00090148548115101
139428.14341.S595	0.0488054733960137	0.00332368493819289	0.0210220896244071
139428.14341.S596	-0.0409562223570116	-0.0144719721234431	0.0155088188599044
139428.14341.S597	0.0395685435253106	-0.0149620443809538	0.037207591673524
139428.14341.S598	-0.0260702881786734	-0.0154702095741669	0.0639931745160075
139428.14341.S599	-0.0138029745247745	-0.036463431215605	0.00591387100948423
139428.14341.S6	-0.0177416869551094	-0.0270496529831421	-0.0100744868709623
139428.14341.S60	0.0652688370501871	-0.0373794705465824	0.0869536758406086
139428.14341.S600	-0.0204990838876613	-0.0369421875559093	-0.013507991841084
139428.14341.S601	0.0494474057140544	-0.0268964436729205	0.0295177585367135
139428.14341.S602	0.00695787889030203	-0.0352612375011081	0.0282580201902969
139428.14341.S603	0.0527528987747269	-0.0186050337120795	0.0195232974910353
139428.14341.S604	-0.0514912319496598	-0.0263183784203336	-0.0099303703544582
139428.14341.S605	-0.0169331924921894	-0.0379287075240307	0.0517858278846142
139428.14341.S606	-0.0185296669805037	-0.000698717015035446	0.0371698616283762
139428.14341.S607	0.0370369106170328	-0.0316009947660751	-0.0160936911357783
139428.14341.S608	-0.000388753372490657	-0.0350848271666794	0.00985807514155372
139428.14341.S609	0.0159719946525246	-0.0400132978521701	0.0100469129693644
139428.14341.S61	0.0178746625968775	-0.0612790086315389	-0.0169433436043096
139428.14341.S610	0.00328973688894059	-0.0278036563979578	0.00266210072465204
139428.14341.S611	0.0185494655144942	-0.0205235164194327	0.0140860919895544
139428.14341.S612	-0.0121586484199597	-0.0358263315626804	-0.00483427742548798
139428.14341.S613	0.0299900279528881	-0.0209169301777557	0.00258050496180035
139428.14341.S614	-0.0109284120826893	-0.0429588425192544	-0.0381687414344799
139428.14341.S615	0.0229746820165567	-0.0289450326811142	0.00875922055553539
139428.14341.S616	-0.00617806455231917	-0.0267860236627814	0.0222706785318241
139428.14341.S617	0.019765470279052	-0.0201480216005289	-0.0248863055075355
139428.14341.S618	0.0101184003832323	-0.023027712897949	0.00826352368579664
139428.14341.S619	-0.0046831028038403	-0.0277157887960545	-0.0114005747320803
139428.14341.S62	0.0546231319955401	-0.0556126925486638	0.0682079922305754
139428.14341.S620	-0.0206879996073687	-0.0163550551075212	0.0662996294834173
139428.14341.S621	0.0341213524796878	-0.016331392703744	0.02457782232812
139428.14341.S622	-0.0168564770754239	-0.0219813947536003	0.0262516372095949
139428.14341.S623	0.00108473563816131	-0.03430860352768	0.0381639290904739
139428.14341.S624	0.0355000323393343	-0.0188936072831203	0.0146446731162255
139428.14341.S625	0.0171142619514408	-0.0325235656565939	0.0148129818432999
139428.14341.S626	-0.00902613903287552	-0.0252523331525224	0.0259433469802333
139428.14341.S627	0.0231918274197192	-0.0227086611458997	-0.0138468647650217
139428.14341.S63	0.0308875395483379	-0.0405431242028274	-0.0259740504662548
139428.14341.S630	-0.0466785405238484	0.00221945207373294	-0.0242851447831436
139428.14341.S631	-0.0487385400882861	-0.00101064968761409	0.0162234487463017
139428.14341.S632	-0.074870875272356	0.00214756487550495	0.0122525687624803
139428.14341.S633	-0.0483607232923898	-0.00949239064665545	0.0270090939136441
139428.14341.S634	-0.0706620485572972	0.016820632151695	-0.00832543641852098
139428.14341.S635	-0.0639799715837686	-0.0116934228249511	0.0194566615128412
139428.14341.S636	-0.090611863897634	0.0521530947295269	0.045641969830469
139428.14341.S637	-0.0677076999849671	-0.00775593830487242	0.0471860739174888
139428.14341.S638	-0.0722786686917372	0.0500222820427727	0.0725398344053183
139428.14341.S639	-0.0679393415598141	-0.00460166123288704	0.0256628015986777
139428.14341.S64	0.0810296705565135	-0.045576153234255	0.0721780349418695
139428.14341.S640	-0.0627385883064957	0.0114205057454276	0.035903931898263
139428.14341.S641	-0.0173172829576839	-0.0199357915046167	0.0039804679009248
139428.14341.S642	-0.0757761042053207	0.0187652062556194	0.0632773446994023
139428.14341.S643	-0.0522691624255023	-0.0135407528285347	0.011440365616206
139428.14341.S644	-0.0898281106445735	0.0399519772749541	0.029811959207388
139428.14341.S645	-0.0619006976145076	-0.00749056797919279	-0.00890661249005268
139428.14341.S646	-0.0844856185573084	0.0198924193821503	0.0316154385668242
139428.14341.S647	-0.0460491202620058	-0.0150881823955386	0.0294481647081016
139428.14341.S648	-0.0823415618238704	0.0439518855738648	0.0523913998281985
139428.14341.S649	-0.0513761957584202	-0.0179530585175263	-0.0313068552262089
139428.14341.S65	0.0434212493429217	-0.0548428902844532	-0.00369575561053078
139428.14341.S650	-0.0117862502362357	-0.0377031121376514	-0.0545994999223818
139428.14341.S651	-0.0342134895780297	0.0236641436555875	0.00961880146868862
139428.14341.S652	-0.0412226111805676	-0.037205275952694	0.0301969907197661
139428.14341.S653	-0.079711723269275	0.0211666082139805	0.00450238395804564
139428.14341.S654	-0.0454296324618136	-0.0260181601276163	-0.00168704880339162
139428.14341.S655	-0.0746871945600905	0.034505576627709	0.0521376415105732
139428.14341.S656	-0.0275965136917107	-0.0240027869678194	-0.00460770918869514
139428.14341.S657	-0.0712602775742855	0.0043193829603771	0.00302038492953261
139428.14341.S658	-0.0244067320978951	-0.027016253235681	-0.0152597758547958
139428.14341.S659	-0.0359579788669658	-0.0125646303920246	-0.0497195632428206
139428.14341.S66	0.0880172836084764	-0.0319533837905687	0.147420884010248
139428.14341.S660	-0.0316464311729245	-0.0219049772124922	0.00538896639009797
139428.14341.S661	-0.0493086909858251	-0.00584178920799706	0.00963147560661329
139428.14341.S662	-0.0346695129409385	-0.00571514232548554	0.00950358432353711
139428.14341.S663	-0.0454185896978191	-0.00958956784935274	0.0245316227272398
139428.14341.S664	-0.0621636803141745	0.000516118708685001	0.0334819451381329
139428.14341.S665	-0.0674181499366695	-0.00509859882518943	-0.0357906078419077
139428.14341.S666	-0.0795525239893229	-0.0178463181911292	0.00672754713715162
139428.14341.S667	-0.0564717435252359	-0.0394165612912643	0.0116646548286606
139428.14341.S668	-0.0386112307924856	-0.0176456302866053	-0.0304318784206102
139428.14341.S67	0.0357140795318698	-0.0636753996541971	-0.0303408255305787
139428.14341.S68	0.0651002475216536	-0.0569835679303669	0.0233358454821935
139428.14341.S69	-0.0102035325519131	-0.0659290768524658	-0.0218034470687779
139428.14341.S7	0.00683025094259838	0.0168117805137366	0.00100035151138218
139428.14341.S70	0.0496102240266382	-0.0453584200535355	0.0335461074621967
139428.14341.S71	0.00949383056101382	-0.0652155865245018	-0.0143370547182625
139428.14341.S72	0.0680955566787003	-0.0385415249808717	0.0682305440616482
139428.14341.S73	0.0223126806710834	-0.0654064430392734	-0.0176104992043041
139428.14341.S74	0.0875235749759592	-0.0211298113099121	0.133246850552393
139428.14341.S75	0.0581882596276928	-0.039281502519055	0.043206914501798
139428.14341.S76	0.0595894246572518	-0.0524230984429237	0.0676815103906387
139428.14341.S77	0.0618018512901222	-0.0507969132416465	0.0119554501715245
139428.14341.S78	0.0373183753510746	-0.0836822753681525	0.00730002184156866
139428.14341.S79	0.0248902015282812	-0.0656216871476082	0.0243858008074414
139428.14341.S8	-0.021177213242632	0.00186876216377156	0.00579676175503989
139428.14341.S80	0.0563208915748914	-0.0460767260475955	0.0321559941624827
139428.14341.S81	-0.0448016441213693	0.00217936554936797	0.0011832206065757
139428.14341.S82	0.063725031754529	-0.034065473740437	0.0781409404689396
139428.14341.S85	-0.048349411568208	0.0312982953008578	0.113446902621046
139428.14341.S86	0.0841293467234456	-0.0192735571889131	0.0945160439102555
139428.14341.S87	-0.0547547458079803	0.0199846782573019	0.0831800712770252
139428.14341.S88	-0.00844535209979196	-0.0351193833351668	0.0356354158306563
139428.14341.S89	-0.0663012519712658	0.00968372375024897	0.0578944014572121
139428.14341.S9	-0.00377938664813865	0.00219902400306277	-0.00136997015668686
139428.14341.S90	-0.0654920736839674	-0.0480494578864616	0.00571113692441039
139428.14341.S91	-0.070811243733978	0.0119600492117751	0.115673917623835
139428.14341.S92	-0.0775106525344672	-0.0470755987943276	0.00672150531113082
139428.14341.S93	-0.0788525982330256	-0.00830885033631657	0.0337296163632297
139428.14341.S94	-0.0473399013594562	-0.0640787227828114	0.0325374614438546
139428.14341.S95	-0.0324780091531185	0.0117095354052922	0.0842202679674894
139428.14341.S96	-0.0193928086909826	-0.028012115128431	0.0154755933176103
139428.14341.S97	-0.0638201172988093	-0.00614931073685063	0.0676215808481435
139428.14341.S98	-0.0558113414013015	-0.0481281405816443	0.0184812126972243
139428.14341.S99	-0.0758555214804486	0.026982081623833	0.0726846979482662
